# mzprime Bayesian Frequentist
0.01 9.07e-07 7.64e-07
0.10 9.04e-07 7.64e-07
0.18 9.04e-07 7.70e-07
0.26 9.06e-07 7.82e-07
0.34 9.09e-07 7.98e-07
0.42 9.13e-07 8.18e-07
0.50 9.19e-07 8.40e-07
0.60 9.28e-07 8.77e-07
0.70 9.35e-07 9.14e-07
0.80 9.42e-07 9.54e-07
0.90 9.40e-07 9.70e-07
1.00 9.44e-07 9.88e-07
1.10 9.46e-07 9.94e-07
1.20 9.47e-07 9.99e-07
1.30 9.50e-07 1.01e-06
1.40 9.49e-07 1.01e-06
1.50 9.44e-07 1.00e-06
1.60 9.26e-07 9.79e-07
1.70 8.89e-07 9.28e-07
1.80 8.30e-07 8.48e-07
1.90 7.50e-07 7.59e-07
2.00 6.83e-07 6.69e-07
2.10 6.14e-07 5.92e-07
2.20 5.68e-07 5.18e-07
2.30 5.28e-07 4.68e-07
2.35 5.14e-07 4.52e-07
2.40 5.04e-07 4.44e-07
2.45 5.00e-07 4.43e-07
2.50 5.00e-07 4.48e-07
2.55 5.05e-07 4.60e-07
2.60 5.12e-07 4.76e-07
2.65 5.19e-07 4.92e-07
2.70 5.26e-07 5.09e-07
2.75 5.35e-07 5.21e-07
2.80 5.41e-07 5.31e-07
2.85 5.45e-07 5.40e-07
2.90 5.50e-07 5.50e-07
2.95 5.56e-07 5.65e-07
3.00 5.65e-07 5.84e-07
3.05 5.79e-07 6.08e-07
3.10 5.97e-07 6.24e-07
3.15 6.10e-07 6.38e-07
3.20 6.17e-07 6.47e-07
3.25 6.16e-07 6.48e-07
3.30 6.08e-07 6.39e-07
3.35 5.91e-07 6.21e-07
3.40 5.67e-07 5.96e-07
3.45 5.36e-07 5.65e-07
3.50 5.09e-07 5.30e-07
3.55 4.71e-07 4.86e-07
3.60 4.24e-07 4.36e-07
3.65 3.93e-07 3.87e-07
3.70 3.59e-07 3.46e-07
3.75 3.16e-07 3.10e-07
3.80 2.94e-07 2.63e-07
3.85 2.73e-07 2.25e-07
3.90 2.52e-07 1.92e-07
3.95 2.31e-07 1.63e-07
4.00 2.09e-07 1.41e-07
4.05 1.95e-07 1.26e-07
4.10 1.92e-07 1.21e-07
4.15 1.88e-07 1.17e-07
4.20 1.88e-07 1.18e-07
4.25 1.88e-07 1.21e-07
4.30 1.90e-07 1.24e-07
4.35 1.97e-07 1.28e-07
4.40 1.99e-07 1.29e-07
4.45 1.92e-07 1.24e-07
4.50 1.81e-07 1.16e-07
4.55 1.72e-07 1.05e-07
4.60 1.64e-07 9.43e-08
4.65 1.58e-07 8.81e-08
4.70 1.58e-07 8.84e-08
4.75 1.63e-07 9.61e-08
4.80 1.74e-07 1.10e-07
4.85 2.07e-07 1.32e-07
4.90 2.36e-07 1.66e-07
4.95 2.71e-07 2.10e-07
5.00 3.02e-07 2.73e-07
5.05 3.30e-07 3.31e-07
5.10 3.62e-07 3.67e-07
5.15 3.82e-07 3.99e-07
5.20 4.01e-07 4.21e-07
5.25 4.18e-07 4.38e-07
5.30 4.28e-07 4.52e-07
5.35 4.33e-07 4.61e-07
5.40 4.36e-07 4.68e-07
5.45 4.38e-07 4.73e-07
5.50 4.45e-07 4.76e-07
5.55 1.79e-06 1.94e-06
5.60 2.04e-06 2.20e-06
5.65 2.25e-06 2.41e-06
5.70 2.35e-06 2.52e-06
5.75 2.33e-06 2.50e-06
5.80 2.15e-06 2.32e-06
5.85 1.91e-06 2.07e-06
5.90 1.71e-06 1.84e-06
5.95 1.61e-06 1.74e-06
6.00 1.63e-06 1.76e-06
6.05 1.75e-06 1.90e-06
6.10 1.96e-06 2.12e-06
6.13 2.10e-06 2.26e-06
6.16 2.23e-06 2.39e-06
6.19 2.33e-06 2.49e-06
6.22 2.37e-06 2.53e-06
6.25 2.31e-06 2.48e-06
6.28 2.16e-06 2.33e-06
6.31 1.93e-06 2.08e-06
6.34 1.63e-06 1.76e-06
6.37 1.30e-06 1.39e-06
6.40 1.03e-06 1.02e-06
6.43 8.58e-07 7.65e-07
6.46 7.58e-07 6.30e-07
6.49 7.09e-07 5.62e-07
6.52 6.84e-07 5.26e-07
6.55 6.82e-07 5.16e-07
6.58 7.08e-07 5.46e-07
6.61 7.65e-07 6.21e-07
6.64 8.38e-07 7.32e-07
6.67 9.37e-07 8.94e-07
6.70 1.04e-06 1.05e-06
6.73 1.12e-06 1.16e-06
6.76 1.18e-06 1.23e-06
6.79 1.23e-06 1.31e-06
6.82 1.31e-06 1.41e-06
6.85 1.39e-06 1.50e-06
6.88 1.43e-06 1.55e-06
6.91 1.40e-06 1.51e-06
6.94 1.28e-06 1.37e-06
6.97 1.10e-06 1.12e-06
7.00 9.06e-07 8.24e-07
7.03 7.38e-07 5.75e-07
7.06 6.28e-07 4.40e-07
7.09 5.80e-07 3.94e-07
7.12 5.89e-07 4.05e-07
7.15 6.28e-07 4.44e-07
7.18 6.68e-07 4.82e-07
7.21 6.92e-07 5.00e-07
7.27 8.14e-07 6.34e-07
7.30 9.51e-07 8.29e-07
7.33 1.04e-06 9.58e-07
7.36 1.03e-06 9.31e-07
7.39 9.48e-07 7.92e-07
7.42 8.48e-07 6.49e-07
7.45 7.50e-07 5.35e-07
7.48 6.94e-07 4.77e-07
7.51 8.07e-07 5.39e-07
7.54 7.93e-07 5.20e-07
7.57 8.38e-07 5.55e-07
7.60 9.81e-07 6.87e-07
7.63 1.22e-06 9.48e-07
7.66 1.49e-06 1.29e-06
7.69 1.84e-06 1.78e-06
7.72 2.21e-06 2.31e-06
7.74 2.41e-06 2.58e-06
7.76 2.54e-06 2.74e-06
7.78 2.55e-06 2.75e-06
7.80 2.38e-06 2.52e-06
7.82 2.13e-06 2.13e-06
7.88 1.58e-06 1.35e-06
7.90 1.41e-06 1.15e-06
7.92 1.24e-06 9.73e-07
7.94 1.09e-06 8.17e-07
7.96 9.55e-07 6.91e-07
7.98 8.44e-07 5.97e-07
8.00 7.59e-07 5.29e-07
