# m4 (GeV) Umu4SQR 
1.000000000000000021e-03 1.000000000000000000e+00
1.011591112223829674e-03 1.000000000000000000e+00
1.023316578330244831e-03 1.000000000000000000e+00
1.035177955630176309e-03 1.000000000000000000e+00
1.047176819485520164e-03 1.000000000000000000e+00
1.059314763518370058e-03 1.000000000000000000e+00
1.071593399822671090e-03 1.000000000000000000e+00
1.084014359178331072e-03 1.000000000000000000e+00
1.096579291267809871e-03 1.000000000000000000e+00
1.109289864895222780e-03 1.000000000000000000e+00
1.122147768207980290e-03 1.000000000000000000e+00
1.135154708920998925e-03 1.000000000000000000e+00
1.148312414543511137e-03 1.000000000000000000e+00
1.161622632608501782e-03 1.000000000000000000e+00
1.175087130904807617e-03 1.000000000000000000e+00
1.188707697711903228e-03 1.000000000000000000e+00
1.202486142037412220e-03 1.000000000000000000e+00
1.216424293857367930e-03 1.000000000000000000e+00
1.230524004359261634e-03 1.000000000000000000e+00
1.244787146187906202e-03 1.000000000000000000e+00
1.259215613694150996e-03 1.000000000000000000e+00
1.273811323186478574e-03 1.000000000000000000e+00
1.288576213185518111e-03 1.000000000000000000e+00
1.303512244681508938e-03 1.000000000000000000e+00
1.318621401394748458e-03 1.000000000000000000e+00
1.333905690039058692e-03 1.000000000000000000e+00
1.349367140588306375e-03 1.000000000000000000e+00
1.365007806546013683e-03 1.000000000000000000e+00
1.380829765218092317e-03 1.000000000000000000e+00
1.396835117988739789e-03 1.000000000000000000e+00
1.413025990599533653e-03 1.000000000000000000e+00
1.429404533431761007e-03 1.000000000000000000e+00
1.445972921792019680e-03 1.000000000000000000e+00
1.462733356201129922e-03 1.000000000000000000e+00
1.479688062686396275e-03 1.000000000000000000e+00
1.496839293077255632e-03 1.000000000000000000e+00
1.514189325304352018e-03 1.000000000000000000e+00
1.531740463702079740e-03 1.000000000000000000e+00
1.549495039314631537e-03 1.000000000000000000e+00
1.567455410205594903e-03 1.000000000000000000e+00
1.585623961771137104e-03 1.000000000000000000e+00
1.604003107056819902e-03 1.000000000000000000e+00
1.622595287078087110e-03 1.000000000000000000e+00
1.641402971144466415e-03 1.000000000000000000e+00
1.660428657187529473e-03 1.000000000000000000e+00
1.679674872092653225e-03 1.000000000000000000e+00
1.699144172034625999e-03 1.000000000000000000e+00
1.718839142817145697e-03 1.000000000000000000e+00
1.738762400216250364e-03 1.000000000000000000e+00
1.758916590327732569e-03 1.000000000000000000e+00
1.779304389918577242e-03 1.000000000000000000e+00
1.799928506782476562e-03 1.000000000000000000e+00
1.820791680099462413e-03 1.000000000000000000e+00
1.841896680799710861e-03 1.000000000000000000e+00
1.863246311931559835e-03 1.000000000000000000e+00
1.884843409033795311e-03 1.000000000000000000e+00
1.906690840512251977e-03 1.000000000000000000e+00
1.928791508020777801e-03 1.000000000000000000e+00
1.951148346846616304e-03 1.000000000000000000e+00
1.973764326300255292e-03 1.000000000000000000e+00
1.996642450109793483e-03 1.000000000000000000e+00
2.019785756819878538e-03 1.000000000000000000e+00
2.043197320195270540e-03 1.000000000000000000e+00
2.066880249629082268e-03 1.000000000000000000e+00
2.090837690555750073e-03 1.000000000000000000e+00
2.115072824868794756e-03 1.000000000000000000e+00
2.139588871343421454e-03 1.000000000000000000e+00
2.164389086064020130e-03 1.000000000000000000e+00
2.189476762856620851e-03 1.000000000000000000e+00
2.214855233726359396e-03 1.000000000000000000e+00
2.240527869300018224e-03 1.000000000000000000e+00
2.266498079273692682e-03 1.000000000000000000e+00
2.292769312865648810e-03 1.000000000000000000e+00
2.319345059274427381e-03 1.000000000000000000e+00
2.346228848142262267e-03 1.000000000000000000e+00
2.373424250023866040e-03 1.000000000000000000e+00
2.400934876860651764e-03 1.000000000000000000e+00
2.428764382460450386e-03 1.000000000000000000e+00
2.456916462982790088e-03 1.000000000000000000e+00
2.485394857429798314e-03 1.000000000000000000e+00
2.514203348142796720e-03 1.000000000000000000e+00
2.543345761304648036e-03 1.000000000000000000e+00
2.572825967447932034e-03 1.000000000000000000e+00
2.602647881969004373e-03 1.000000000000000000e+00
2.632815465648019864e-03 1.000000000000000000e+00
2.663332725174980854e-03 1.000000000000000000e+00
2.694203713681882304e-03 1.000000000000000000e+00
2.725432531281027707e-03 1.000000000000000000e+00
2.757023325609582638e-03 1.000000000000000000e+00
2.788980292380439669e-03 1.000000000000000000e+00
2.821307675939470957e-03 1.000000000000000000e+00
2.854009769829237483e-03 1.000000000000000000e+00
2.887090917359234725e-03 1.000000000000000000e+00
2.920555512182745027e-03 1.000000000000000000e+00
2.954407998880379926e-03 1.000000000000000000e+00
2.988652873550382699e-03 1.000000000000000000e+00
3.023294684405776565e-03 1.000000000000000000e+00
3.058338032378431822e-03 1.000000000000000000e+00
3.093787571730136510e-03 1.000000000000000000e+00
3.129648010670750373e-03 1.000000000000000000e+00
3.165924111983520629e-03 1.000000000000000000e+00
3.202620693657650189e-03 1.000000000000000000e+00
3.239742629528195514e-03 1.000000000000000000e+00
3.277294849923382148e-03 1.000000000000000000e+00
3.315282342319423366e-03 1.000000000000000000e+00
3.353710152002928671e-03 1.000000000000000000e+00
3.392583382740991908e-03 1.000000000000000000e+00
3.431907197459042706e-03 1.000000000000000000e+00
3.471686818926559247e-03 1.000000000000000000e+00
3.511927530450727804e-03 1.000000000000000000e+00
3.552634676578139260e-03 1.000000000000000000e+00
3.593813663804625805e-03 1.000000000000000000e+00
3.635469961293317630e-03 1.000000000000000000e+00
3.677609101601030626e-03 1.000000000000000000e+00
3.720236681413065759e-03 1.000000000000000000e+00
3.763358362286532872e-03 1.000000000000000000e+00
3.806979871402283930e-03 1.000000000000000000e+00
3.851107002325568872e-03 1.000000000000000000e+00
3.895745615775501273e-03 1.000000000000000000e+00
3.940901640403447412e-03 1.000000000000000000e+00
3.986581073580438943e-03 1.000000000000000000e+00
4.032789982193705006e-03 1.000000000000000000e+00
4.079534503452449112e-03 1.000000000000000000e+00
4.126820845702951907e-03 1.000000000000000000e+00
4.174655289253134671e-03 1.000000000000000000e+00
4.223044187206672490e-03 1.000000000000000000e+00
4.271993966306776754e-03 1.000000000000000000e+00
4.321511127789762381e-03 1.000000000000000000e+00
4.371602248248502090e-03 1.000000000000000000e+00
4.422273980505896963e-03 1.000000000000000000e+00
4.473533054498463057e-03 1.000000000000000000e+00
4.525386278170166754e-03 1.000000000000000000e+00
4.577840538376616412e-03 1.000000000000000000e+00
4.630902801799736956e-03 1.000000000000000000e+00
4.684580115873045354e-03 1.000000000000000000e+00
4.738879609717651029e-03 1.000000000000000000e+00
4.793808495089106961e-03 1.000000000000000000e+00
4.849374067335232921e-03 1.000000000000000000e+00
4.905583706365045267e-03 1.000000000000000000e+00
4.962444877628913002e-03 1.000000000000000000e+00
5.019965133110078880e-03 1.000000000000000000e+00
5.078152112327670442e-03 1.000000000000000000e+00
5.137013543351338918e-03 1.000000000000000000e+00
5.196557243827657803e-03 1.000000000000000000e+00
5.256791122018419048e-03 1.000000000000000000e+00
5.317723177850966487e-03 1.000000000000000000e+00
5.379361503980697491e-03 1.000000000000000000e+00
5.441714286865887221e-03 1.000000000000000000e+00
5.504789807854967333e-03 1.000000000000000000e+00
5.568596444286409188e-03 1.000000000000000000e+00
5.633142670601352063e-03 1.000000000000000000e+00
5.698437059469135986e-03 1.000000000000000000e+00
5.764488282925873605e-03 1.000000000000000000e+00
5.831305113526218976e-03 1.000000000000000000e+00
5.898896425508493718e-03 1.000000000000000000e+00
5.967271195973310183e-03 1.000000000000000000e+00
6.036438506075864248e-03 1.000000000000000000e+00
6.106407542232036509e-03 1.000000000000000000e+00
6.177187597338488351e-03 1.000000000000000000e+00
6.248788072006888211e-03 1.000000000000000000e+00
6.321218475812448445e-03 1.000000000000000000e+00
6.394488428556942793e-03 1.000000000000000000e+00
6.468607661546327617e-03 1.000000000000000000e+00
6.543586018883235794e-03 1.000000000000000000e+00
6.619433458774394430e-03 1.000000000000000000e+00
6.696160054853222271e-03 1.000000000000000000e+00
6.773775997517751668e-03 1.000000000000000000e+00
6.852291595284064167e-03 1.000000000000000000e+00
6.931717276155407136e-03 1.000000000000000000e+00
7.012063589007183975e-03 1.000000000000000000e+00
7.093341204987996598e-03 1.000000000000000000e+00
7.175560918936928385e-03 1.000000000000000000e+00
7.258733650817253240e-03 1.000000000000000000e+00
7.342870447166765027e-03 1.000000000000000000e+00
7.427982482564918221e-03 1.000000000000000000e+00
7.514081061116969704e-03 1.000000000000000000e+00
7.601177617955329896e-03 1.000000000000000000e+00
7.689283720758313158e-03 1.000000000000000000e+00
7.778411071286490432e-03 1.000000000000000000e+00
7.868571506936851423e-03 1.000000000000000000e+00
7.959777002314986222e-03 1.000000000000000000e+00
8.052039670825477183e-03 1.000000000000000000e+00
8.145371766280745662e-03 1.000000000000000000e+00
8.239785684528520143e-03 1.000000000000000000e+00
8.335293965098196367e-03 1.000000000000000000e+00
8.431909292866260341e-03 1.000000000000000000e+00
8.529644499741025759e-03 1.000000000000000000e+00
8.628512566366895731e-03 1.000000000000000000e+00
8.728526623848379545e-03 1.000000000000000000e+00
8.829699955494091715e-03 1.000000000000000000e+00
8.932045998580969218e-03 1.000000000000000000e+00
9.035578346138930725e-03 1.000000000000000000e+00
9.140310748756232812e-03 1.000000000000000000e+00
9.246257116405743465e-03 1.000000000000000000e+00
9.353431520292386156e-03 1.000000000000000000e+00
9.461848194722002545e-03 1.000000000000000000e+00
9.571521538991866265e-03 1.000000000000000000e+00
9.682466119303123619e-03 1.000000000000000000e+00
9.794696670695395360e-03 1.000000000000000000e+00
9.908228099003798042e-03 1.000000000000000000e+00
1.002307548283865382e-02 1.000000000000000000e+00
1.013925407558815411e-02 1.000000000000000000e+00
1.025677930744421824e-02 1.000000000000000000e+00
1.037566678745185933e-02 1.000000000000000000e+00
1.049593230558227772e-02 1.000000000000000000e+00
1.061759183483000114e-02 1.000000000000000000e+00
1.074066153333433360e-02 1.000000000000000000e+00
1.086515774652538346e-02 1.000000000000000000e+00
1.099109700929497280e-02 1.000000000000000000e+00
1.111849604819271052e-02 1.000000000000000000e+00
1.124737178364751920e-02 1.000000000000000000e+00
1.137774133221491381e-02 1.000000000000000000e+00
1.150962200885032385e-02 1.000000000000000000e+00
1.164303132920876775e-02 1.000000000000000000e+00
1.177798701197119331e-02 1.000000000000000000e+00
1.191450698119776025e-02 1.000000000000000000e+00
1.205260936870842549e-02 1.000000000000000000e+00
1.219231251649110712e-02 1.000000000000000000e+00
1.233363497913776002e-02 1.000000000000000000e+00
1.247659552630869806e-02 1.000000000000000000e+00
1.262121314522547319e-02 1.000000000000000000e+00
1.276750704319265690e-02 1.000000000000000000e+00
1.291549665014883955e-02 1.000000000000000000e+00
1.306520162124721190e-02 1.000000000000000000e+00
1.321664183946605169e-02 1.000000000000000000e+00
1.336983741824946531e-02 1.000000000000000000e+00
1.352480870417875451e-02 1.000000000000000000e+00
1.368157627967471826e-02 1.000000000000000000e+00
1.384016096573131502e-02 1.000000000000000000e+00
1.400058382468097502e-02 1.000000000000000000e+00
1.416286616299198761e-02 1.000000000000000000e+00
1.432702953409830879e-02 1.000000000000000000e+00
1.449309574126216547e-02 1.000000000000000000e+00
1.466108684046984502e-02 1.000000000000000000e+00
1.483102514336104467e-02 1.000000000000000000e+00
1.500293322019218348e-02 1.000000000000000000e+00
1.517683390283405299e-02 1.000000000000000000e+00
1.535275028780422671e-02 1.000000000000000000e+00
1.553070573933460104e-02 1.000000000000000000e+00
1.571072389247450338e-02 1.000000000000000000e+00
1.589282865622978005e-02 1.000000000000000000e+00
1.607704421673823714e-02 1.000000000000000000e+00
1.626339504048192330e-02 1.000000000000000000e+00
1.645190587753662601e-02 1.000000000000000000e+00
1.664260176485903714e-02 1.000000000000000000e+00
1.683550802961202367e-02 1.000000000000000000e+00
1.703065029252844378e-02 1.000000000000000000e+00
1.722805447131393886e-02 1.000000000000000000e+00
1.742774678408919031e-02 1.000000000000000000e+00
1.762975375287205784e-02 1.000000000000000000e+00
1.783410220710008112e-02 1.000000000000000000e+00
1.804081928719382735e-02 1.000000000000000000e+00
1.824993244816152521e-02 1.000000000000000000e+00
1.846146946324547441e-02 1.000000000000000000e+00
1.867545842761075825e-02 1.000000000000000000e+00
1.889192776207666499e-02 1.000000000000000000e+00
1.911090621689138028e-02 1.000000000000000000e+00
1.933242287555045347e-02 1.000000000000000000e+00
1.955650715865949255e-02 1.000000000000000000e+00
1.978318882784164262e-02 1.000000000000000000e+00
2.001249798969037194e-02 1.000000000000000000e+00
2.024446509976803726e-02 1.000000000000000000e+00
2.047912096665085308e-02 1.000000000000000000e+00
2.071649675602068794e-02 1.000000000000000000e+00
2.095662399480432980e-02 1.000000000000000000e+00
2.119953457536070951e-02 1.000000000000000000e+00
2.144526075971667570e-02 1.000000000000000000e+00
2.169383518385184506e-02 1.000000000000000000e+00
2.194529086203313509e-02 1.000000000000000000e+00
2.219966119119954825e-02 1.000000000000000000e+00
2.245697995539773853e-02 1.000000000000000000e+00
2.271728133026905058e-02 1.000000000000000000e+00
2.298059988758851049e-02 1.000000000000000000e+00
2.324697059985647921e-02 1.000000000000000000e+00
2.351642884494348565e-02 1.000000000000000000e+00
2.378901041078893344e-02 1.000000000000000000e+00
2.406475150015424322e-02 1.000000000000000000e+00
2.434368873543110365e-02 1.000000000000000000e+00
2.462585916350546605e-02 1.000000000000000000e+00
2.491130026067788633e-02 1.000000000000000000e+00
2.520004993764092191e-02 1.000000000000000000e+00
2.549214654451423256e-02 1.000000000000000000e+00
2.578762887593800956e-02 1.000000000000000000e+00
2.608653617622547910e-02 1.000000000000000000e+00
2.638890814457510448e-02 1.000000000000000000e+00
2.669478494034320873e-02 1.000000000000000000e+00
2.700420718837772543e-02 1.000000000000000000e+00
2.731721598441376117e-02 1.000000000000000000e+00
2.763385290053169824e-02 1.000000000000000000e+00
2.795415999067856622e-02 1.000000000000000000e+00
2.827817979625341094e-02 1.000000000000000000e+00
2.860595535175742068e-02 1.000000000000000000e+00
2.893753019050950351e-02 1.000000000000000000e+00
2.927294835042815874e-02 1.000000000000000000e+00
2.961225437988034351e-02 1.000000000000000000e+00
2.995549334359813229e-02 1.000000000000000000e+00
3.030271082866396390e-02 1.000000000000000000e+00
3.065395295056526706e-02 1.000000000000000000e+00
3.100926635931926592e-02 1.000000000000000000e+00
3.136869824566876352e-02 1.000000000000000000e+00
3.173229634734976018e-02 1.000000000000000000e+00
3.210010895543171511e-02 1.000000000000000000e+00
3.247218492073129098e-02 1.000000000000000000e+00
3.284857366030043829e-02 1.000000000000000000e+00
3.322932516398971470e-02 1.000000000000000000e+00
3.361449000108764767e-02 1.000000000000000000e+00
3.400411932703706341e-02 1.000000000000000000e+00
3.439826489022924233e-02 1.000000000000000000e+00
3.479697903887691429e-02 1.000000000000000000e+00
3.520031472796678745e-02 1.000000000000000000e+00
3.560832552629277642e-02 1.000000000000000000e+00
3.602106562357069997e-02 1.000000000000000000e+00
3.643858983763544751e-02 1.000000000000000000e+00
3.686095362172157885e-02 1.000000000000000000e+00
3.728821307182833555e-02 1.000000000000000000e+00
3.772042493416997294e-02 1.000000000000000000e+00
3.815764661271248137e-02 1.000000000000000000e+00
3.859993617679767508e-02 1.000000000000000000e+00
3.904735236885559929e-02 1.000000000000000000e+00
3.949995461220642823e-02 1.000000000000000000e+00
3.995780301895269365e-02 1.000000000000000000e+00
4.042095839796307905e-02 1.000000000000000000e+00
4.088948226294862598e-02 1.000000000000000000e+00
4.136343684063275433e-02 1.000000000000000000e+00
4.184288507901582493e-02 1.000000000000000000e+00
4.232789065573550752e-02 1.000000000000000000e+00
4.281851798652413360e-02 1.000000000000000000e+00
4.331483223376400571e-02 1.000000000000000000e+00
4.381689931514192587e-02 1.000000000000000000e+00
4.432478591240398419e-02 1.000000000000000000e+00
4.483855948021188420e-02 1.000000000000000000e+00
4.535828825510188761e-02 1.000000000000000000e+00
4.588404126454759258e-02 1.000000000000000000e+00
4.641588833612779463e-02 1.000000000000000000e+00
4.695390010680060289e-02 1.000000000000000000e+00
4.749814803228501886e-02 1.000000000000000000e+00
4.804870439655131720e-02 1.000000000000000000e+00
4.860564232142136620e-02 1.000000000000000000e+00
4.916903577628028987e-02 1.000000000000000000e+00
4.973895958790065103e-02 1.000000000000000000e+00
5.031548945038054332e-02 1.000000000000000000e+00
5.089870193519682035e-02 1.000000000000000000e+00
5.148867450137494667e-02 1.000000000000000000e+00
5.208548550577662972e-02 1.000000000000000000e+00
5.268921421350674511e-02 1.000000000000000000e+00
5.329994080844090154e-02 1.000000000000000000e+00
5.391774640387502621e-02 1.000000000000000000e+00
5.454271305329833758e-02 1.000000000000000000e+00
5.517492376129125992e-02 1.000000000000000000e+00
5.581446249454963954e-02 1.000000000000000000e+00
5.646141419303669917e-02 1.000000000000000000e+00
5.711586478126431943e-02 1.000000000000000000e+00
5.777790117970504208e-02 1.000000000000000000e+00
5.844761131633634255e-02 1.000000000000000000e+00
5.912508413831878140e-02 1.000000000000000000e+00
5.981040962380940879e-02 1.000000000000000000e+00
6.050367879391221199e-02 1.000000000000000000e+00
6.120498372476699395e-02 1.000000000000000000e+00
6.191441755977844519e-02 1.000000000000000000e+00
6.263207452198689407e-02 1.000000000000000000e+00
6.335804992658250478e-02 1.000000000000000000e+00
6.409244019356453992e-02 1.000000000000000000e+00
6.483534286054723483e-02 1.000000000000000000e+00
6.558685659571432403e-02 1.000000000000000000e+00
6.634708121092347533e-02 1.000000000000000000e+00
6.711611767496283854e-02 1.000000000000000000e+00
6.789406812696109628e-02 1.000000000000000000e+00
6.868103588995304321e-02 1.000000000000000000e+00
6.947712548460235893e-02 1.000000000000000000e+00
7.028244264308348976e-02 1.000000000000000000e+00
7.109709432312434629e-02 1.000000000000000000e+00
7.192118872221189840e-02 1.000000000000000000e+00
7.275483529196229149e-02 1.000000000000000000e+00
7.359814475265767653e-02 1.000000000000000000e+00
7.445122910795139159e-02 1.000000000000000000e+00
7.531420165974371528e-02 1.000000000000000000e+00
7.618717702322995444e-02 1.000000000000000000e+00
7.707027114212298968e-02 1.000000000000000000e+00
7.796360130405233235e-02 1.000000000000000000e+00
7.886728615614152504e-02 1.000000000000000000e+00
7.978144572076624474e-02 1.000000000000000000e+00
8.070620141149503768e-02 1.000000000000000000e+00
8.164167604921468424e-02 1.000000000000000000e+00
8.258799387844267814e-02 1.000000000000000000e+00
8.354528058382866551e-02 1.000000000000000000e+00
8.451366330684717543e-02 1.000000000000000000e+00
8.549327066268380682e-02 1.000000000000000000e+00
8.648423275731721704e-02 1.000000000000000000e+00
8.748668120479910493e-02 1.000000000000000000e+00
8.850074914473433918e-02 1.000000000000000000e+00
8.952657125996396625e-02 1.000000000000000000e+00
9.056428379445288779e-02 1.000000000000000000e+00
9.161402457138516364e-02 1.000000000000000000e+00
9.267593301146878626e-02 1.000000000000000000e+00
9.375015015145284070e-02 1.000000000000000000e+00
9.483681866285922912e-02 1.000000000000000000e+00
9.593608287093141618e-02 1.000000000000000000e+00
9.704808877380301235e-02 1.000000000000000000e+00
9.817298406188836035e-02 1.000000000000000000e+00
9.931091813749795549e-02 1.000000000000000000e+00
1.004620421346813092e-01 1.000000000000000000e+00
1.016265089392995175e-01 1.000000000000000000e+00
1.028044732093309765e-01 1.000000000000000000e+00
1.039960913954120353e-01 1.000000000000000000e+00
1.052015217616159015e-01 1.000000000000000000e+00
1.064209244064724669e-01 1.000000000000000000e+00
1.076544612842315896e-01 1.000000000000000000e+00
1.089022962263730548e-01 1.000000000000000000e+00
1.101645949633656973e-01 1.000000000000000000e+00
1.114415251466788076e-01 1.000000000000000000e+00
1.127332563710487096e-01 1.000000000000000000e+00
1.140399601970033122e-01 1.000000000000000000e+00
1.153618101736478552e-01 1.000000000000000000e+00
1.166989818617147484e-01 1.000000000000000000e+00
1.180516528568805595e-01 1.000000000000000000e+00
1.194200028133532432e-01 1.000000000000000000e+00
1.208042134677328877e-01 1.000000000000000000e+00
1.222044686631488658e-01 1.000000000000000000e+00
1.236209543736769140e-01 1.000000000000000000e+00
1.250538587290391246e-01 1.000000000000000000e+00
1.265033720395903893e-01 1.000000000000000000e+00
1.279696868215941530e-01 1.000000000000000000e+00
1.294529978227915989e-01 1.000000000000000000e+00
1.309535020482667789e-01 1.000000000000000000e+00
1.324713987866117382e-01 1.000000000000000000e+00
1.340068896363950657e-01 1.000000000000000000e+00
1.355601785329368925e-01 1.000000000000000000e+00
1.371314717753945589e-01 1.000000000000000000e+00
1.387209780541620863e-01 1.000000000000000000e+00
1.403289084785873109e-01 1.000000000000000000e+00
1.419554766050101502e-01 1.000000000000000000e+00
1.436008984651260534e-01 1.000000000000000000e+00
1.452653925946781333e-01 1.000000000000000000e+00
1.469491800624817268e-01 1.000000000000000000e+00
1.486524844997857142e-01 1.000000000000000000e+00
1.503755321299738434e-01 1.000000000000000000e+00
1.521185517986104740e-01 1.000000000000000000e+00
1.538817750038346255e-01 1.000000000000000000e+00
1.556654359271062160e-01 1.000000000000000000e+00
1.574697714643086832e-01 1.000000000000000000e+00
1.592950212572122881e-01 1.000000000000000000e+00
1.611414277253019889e-01 1.000000000000000000e+00
1.630092360979741029e-01 1.000000000000000000e+00
1.648986944471065030e-01 1.000000000000000000e+00
1.668100537200059019e-01 1.000000000000000000e+00
1.687435677727375793e-01 1.000000000000000000e+00
1.706994934038408018e-01 1.000000000000000000e+00
1.726780903884355955e-01 1.000000000000000000e+00
1.746796215127245644e-01 1.000000000000000000e+00
1.767043526088946659e-01 1.000000000000000000e+00
1.787525525904235524e-01 1.000000000000000000e+00
1.808244934877951682e-01 1.000000000000000000e+00
1.829204504846293766e-01 1.000000000000000000e+00
1.850407019542302245e-01 1.000000000000000000e+00
1.871855294965579231e-01 1.000000000000000000e+00
1.893552179756295140e-01 1.000000000000000000e+00
1.915500555573527997e-01 1.000000000000000000e+00
1.937703337477988952e-01 1.000000000000000000e+00
1.960163474319185639e-01 1.000000000000000000e+00
1.982883949127071388e-01 1.000000000000000000e+00
2.005867779508233861e-01 1.000000000000000000e+00
2.029118018046678074e-01 1.000000000000000000e+00
2.052637752709252084e-01 1.000000000000000000e+00
2.076430107255774760e-01 1.000000000000000000e+00
2.100498241653915299e-01 1.000000000000000000e+00
2.124845352498882789e-01 1.000000000000000000e+00
2.149474673437980488e-01 1.000000000000000000e+00
2.174389475600080057e-01 1.000000000000000000e+00
2.199593068030074872e-01 1.000000000000000000e+00
2.225088798128369294e-01 1.000000000000000000e+00
2.250880052095461659e-01 1.000000000000000000e+00
2.276970255381680075e-01 1.000000000000000000e+00
2.303362873142131284e-01 1.000000000000000000e+00
2.330061410696924740e-01 9.605874310617606104e-05
2.357069413996727703e-01 9.203233169466850608e-05
2.384390470093720460e-01 8.795924969663083330e-05
2.412028207618006903e-01 8.383895614805707090e-05
2.439986297259550130e-01 7.967090381456664672e-05
2.468268452255692469e-01 7.545453911872394685e-05
2.496878428884326817e-01 7.118930206651512401e-05
2.525820026962784515e-01 6.687462617297296695e-05
2.555097090352507205e-01 6.345395062152075463e-05
2.584713507469563742e-01 6.079953195100645601e-05
2.614673211801092356e-01 5.811434561579315933e-05
2.644980182427719706e-01 5.539803498442657717e-05
2.675638444552045359e-01 5.265023929169697749e-05
2.706652070033241375e-01 4.987059359072481342e-05
2.738025177927857490e-01 4.705872870449023186e-05
2.769761935036890721e-01 4.426335459748782656e-05
2.801866556459195468e-01 4.247249734934299323e-05
2.834343306151309028e-01 4.066088207385809463e-05
2.867196497493769702e-01 3.882826816240861470e-05
2.900430493863991877e-01 3.697441221744856595e-05
2.934049709215786894e-01 3.509906802018372099e-05
2.968058608665602449e-01 3.320198649787001503e-05
3.002461709085549324e-01 3.128291569073344657e-05
3.037263579703311511e-01 2.972762570582125366e-05
3.072468842709003556e-01 2.847197189747679687e-05
3.108082173869063936e-01 2.720176366492554578e-05
3.144108303147264971e-01 2.591683230620315902e-05
3.180552015332919757e-01 2.461700716390190607e-05
3.217418150676371602e-01 2.330211560250487876e-05
3.254711605531848129e-01 2.197198298545753446e-05
3.292437333007768863e-01 2.062643265197341996e-05
3.330600343624588455e-01 3.050588509969029020e-05
3.369205705980267140e-01 3.222492292567375333e-05
3.408258547423451690e-01 2.898065925786557037e-05
3.447764054734464012e-01 2.569879096580009680e-05
3.487727474814177331e-01 2.237888217005748438e-05
3.528154115380883193e-01 1.902049193889049635e-05
3.569049345675229801e-01 1.562317422966266880e-05
3.610418597173337130e-01 1.377508660907953689e-05
3.652267364308175446e-01 1.316553334509686556e-05
3.694601205199302685e-01 1.254891468082496872e-05
3.737425742391063954e-01 1.192514872041619905e-05
3.780746663599349189e-01 1.129415261875891619e-05
3.824569722466998889e-01 1.065584257047453216e-05
3.868900739327975624e-01 1.001013379878687676e-05
3.913745601980384015e-01 9.485177472019588337e-06
3.959110266468458539e-01 9.144123365128392609e-06
4.005000757873611317e-01 8.799116061809819281e-06
4.051423171114647559e-01 8.450109740120442120e-06
4.098383671757261371e-01 8.097058046989538205e-06
4.145888496832911274e-01 7.739914092062738971e-06
4.193943955667186474e-01 7.378630441474322101e-06
4.242556430717777105e-01 7.013159111547300650e-06
4.291732378422157268e-01 6.678565448864525784e-06
4.341478330055092427e-01 6.460006063297580098e-06
4.391800892596086081e-01 6.238913331364957558e-06
4.442706749606882832e-01 6.015257888764631412e-06
4.494202662119142211e-01 5.789010030829654515e-06
4.546295469532399269e-01 5.560139708582953456e-06
4.598992090522438514e-01 5.328616524746382897e-06
4.652299523960189420e-01 5.094409729703547172e-06
4.706224849841281754e-01 4.857488217415786033e-06
4.760775230226367838e-01 4.672536904350640918e-06
4.815957910192351088e-01 4.507923993814381278e-06
4.871780218794630746e-01 4.341403036558607276e-06
4.928249570040513228e-01 4.172951916199660240e-06
4.985373463873893907e-01 4.002548260000401863e-06
5.043159487171359201e-01 3.830169435898787891e-06
5.101615314749833319e-01 3.655792549502003158e-06
5.160748710385907323e-01 3.479394441045747978e-06
5.220567527846975420e-01 3.335271070678049395e-06
5.281079711934331122e-01 3.219707020054094819e-06
5.342293299538352080e-01 3.102803453550318467e-06
5.404216420705915125e-01 2.984544844687829728e-06
5.466857299720180308e-01 2.864915487018583315e-06
5.530224256192900478e-01 2.743899492039325579e-06
5.594325706169377410e-01 2.621480787081387255e-06
5.659170163246242113e-01 2.497643113175984680e-06
5.724766239702178128e-01 2.387193513940037868e-06
5.791122647641758769e-01 2.302403439918383672e-06
5.858248200152536000e-01 2.216630554633279698e-06
5.926151812475553005e-01 2.129863466209073104e-06
5.994842503189409255e-01 2.042090650725607035e-06
6.064329395408061263e-01 1.953300450687671472e-06
6.134621717992505552e-01 1.863481073476719337e-06
6.205728806776500406e-01 1.772620589784639884e-06
6.277660105806499580e-01 1.687026166034768322e-06
6.350425168595962289e-01 1.629509467781150893e-06
6.424033659394190465e-01 1.571326087023332762e-06
6.498495354469888685e-01 1.512468296169587963e-06
6.573820143409585537e-01 1.452928278056810898e-06
6.650018030431118499e-01 1.392698124912280102e-06
6.727099135712336642e-01 1.331769837303392654e-06
6.805073696735206568e-01 1.270135323075224617e-06
6.883952069645495886e-01 1.207842988372846520e-06
6.963744730628221857e-01 1.166991828223990885e-06
7.044462277299037289e-01 1.125667157693375934e-06
7.126115430111745752e-01 1.083863488269028271e-06
7.208715033782135961e-01 1.041575267821014924e-06
7.292272058728312967e-01 9.987968798640429352e-07
7.376797602527730424e-01 9.555226428115070861e-07
7.462302891391108250e-01 9.117468092208940829e-07
7.548799281653431059e-01 8.674635650304413334e-07
7.636298261282241651e-01 8.361465693569997980e-07
7.724811451403400531e-01 8.073282220851209607e-07
7.814350607844542385e-01 7.781758381159086642e-07
7.904927622696420464e-01 7.486855455925170186e-07
7.996554525892346499e-01 7.188534277789730545e-07
8.089243486805938188e-01 6.886755225399780033e-07
8.183006815867389649e-01 6.581478218146774905e-07
8.277856966198472444e-01 6.272662710843344686e-07
8.373806535266489215e-01 6.006531423587953057e-07
8.470868266557401993e-01 5.841781305078698644e-07
8.569055051268347212e-01 5.675121549456913308e-07
8.668379930019773916e-01 5.506530021904519253e-07
8.768856094587426098e-01 5.335984331036281221e-07
8.870496889654403416e-01 5.163461825925894994e-07
8.973315814583520122e-01 4.988939593097640820e-07
9.077326525210223096e-01 4.812394453483121092e-07
9.182542835656282154e-01 4.633802959342756159e-07
9.288978720164497993e-01 4.453141391151589345e-07
9.396648314954690884e-01 4.275502905355141148e-07
9.505565920101191058e-01 4.096956872405907032e-07
9.615746001432096124e-01 3.916341292351636791e-07
9.727203192450537550e-01 3.733632176839586430e-07
9.839952296278225985e-01 3.548805259465320653e-07
9.954008287621518569e-01 3.361835992549783204e-07
1.006938631476027135e+00 3.172699543879020999e-07
1.018610170155975325e+00 3.039499990864461858e-07
1.030416994950587473e+00 2.941549032160001462e-07
1.042360673976401086e+00 2.842462712900766435e-07
1.054442793526168431e+00 2.742227872995150073e-07
1.066664958279538888e+00 2.640831199811449489e-07
1.079028791516183583e+00 2.538259226409755805e-07
1.091535935331391149e+00 2.434498329753341913e-07
1.104188050854160164e+00 2.329534728899339218e-07
1.116986818467822662e+00 2.227178331076377434e-07
1.129933938033221619e+00 2.159766269591515971e-07
1.143031129114478572e+00 2.091572827336743049e-07
1.156280131207375383e+00 2.022588947239865596e-07
1.169682703970384763e+00 1.952805467247149916e-07
1.183240627458377991e+00 1.882213119106470456e-07
1.196955702359042695e+00 1.810802527136348320e-07
1.210829750232039315e+00 1.738564206980730251e-07
1.224864613750930697e+00 1.665488564349326762e-07
1.239062156947915661e+00 1.612951928120977328e-07
1.253424265461399401e+00 1.575468600338540238e-07
1.267952846786433829e+00 1.537550799097254140e-07
1.282649830528059809e+00 1.499193488366499635e-07
1.297517168657586817e+00 1.460391573742460117e-07
1.312556835771842678e+00 1.421139901771514498e-07
1.327770829355429116e+00 1.381433259265780059e-07
1.343161170046015318e+00 1.341266372610730515e-07
1.358729901902709258e+00 1.300633907064780238e-07
1.374479092677536762e+00 1.260324878291039527e-07
1.390410834090069603e+00 1.239240064475399298e-07
1.406527242105236386e+00 1.217910854216603324e-07
1.422830457214351974e+00 1.196334414688051894e-07
1.439322644719406519e+00 1.174507880227534582e-07
1.456005995020648536e+00 1.152428351956628030e-07
1.472882723907501745e+00 1.130092897395684272e-07
1.489955072852853668e+00 1.107498550074354265e-07
1.507225309310755490e+00 1.084642309137598452e-07
1.524695727017572944e+00 1.075946955302214330e-07
1.542368646296627288e+00 1.132918420755476516e-07
1.560246414366367906e+00 1.190550248858363842e-07
1.578331405652116493e+00 1.248850093948456284e-07
1.596626022101425235e+00 1.307825699085619884e-07
1.615132693503091188e+00 1.367484897080401098e-07
1.633853877809862132e+00 1.427835611534319308e-07
1.652792061464895657e+00 1.488885857892260794e-07
1.671949759731990115e+00 1.658617680711637762e-07
1.691329517029648732e+00 2.036868385952032335e-07
1.710933907269015064e+00 2.419503437565609804e-07
1.730765534195725763e+00 4.280968638584612526e-07
1.750827031735725070e+00 7.167041146782985313e-07
1.771121064345088758e+00 7.948837730289615272e-06
1.791650327363901285e+00 1.000000000000000000e+00
1.812417547374237659e+00 1.000000000000000000e+00
1.833425482562290654e+00 1.000000000000000000e+00
1.854676923084699336e+00 1.000000000000000000e+00
1.876174691439121522e+00 1.000000000000000000e+00
1.897921642839101475e+00 1.000000000000000000e+00
1.919920665593284781e+00 1.000000000000000000e+00
1.942174681489026389e+00 1.000000000000000000e+00
1.964686646180446639e+00 1.000000000000000000e+00
1.987459549580983698e+00 1.000000000000000000e+00
2.010496416260499242e+00 1.000000000000000000e+00
2.033800305846982237e+00 1.000000000000000000e+00
2.057374313432913659e+00 1.000000000000000000e+00
2.081221569986339226e+00 1.000000000000000000e+00
2.105345242766706093e+00 1.000000000000000000e+00
2.129748535745521032e+00 1.000000000000000000e+00
2.154434690031884259e+00 1.000000000000000000e+00
2.179406984302955763e+00 1.000000000000000000e+00
2.204668735239409649e+00 1.000000000000000000e+00
2.230223297965938656e+00 1.000000000000000000e+00
2.256074066496861263e+00 1.000000000000000000e+00
2.282224474186898444e+00 1.000000000000000000e+00
2.308677994187169791e+00 1.000000000000000000e+00
2.335438139906479194e+00 1.000000000000000000e+00
2.362508465477947350e+00 1.000000000000000000e+00
2.389892566231050175e+00 1.000000000000000000e+00
2.417594079169130605e+00 1.000000000000000000e+00
2.445616683452446427e+00 1.000000000000000000e+00
2.473964100886814066e+00 1.000000000000000000e+00
2.502640096417919402e+00 1.000000000000000000e+00
2.531648478631355559e+00 1.000000000000000000e+00
2.560993100258459165e+00 1.000000000000000000e+00
2.590677858688009039e+00 1.000000000000000000e+00
2.620706696483852571e+00 1.000000000000000000e+00
2.651083601908538867e+00 1.000000000000000000e+00
2.681812609453015472e+00 1.000000000000000000e+00
2.712897800372467305e+00 1.000000000000000000e+00
2.744343303228365283e+00 1.000000000000000000e+00
2.776153294436801033e+00 1.000000000000000000e+00
2.808331998823172526e+00 1.000000000000000000e+00
2.840883690183304111e+00 1.000000000000000000e+00
2.873812691851066248e+00 1.000000000000000000e+00
2.907123377272578413e+00 1.000000000000000000e+00
2.940820170587063576e+00 1.000000000000000000e+00
2.974907547214440395e+00 1.000000000000000000e+00
3.009390034449721085e+00 1.000000000000000000e+00
3.044272212064302874e+00 1.000000000000000000e+00
3.079558712914226337e+00 1.000000000000000000e+00
3.115254223555488089e+00 1.000000000000000000e+00
3.151363484866479325e+00 1.000000000000000000e+00
3.187891292677645705e+00 1.000000000000000000e+00
3.224842498408442282e+00 1.000000000000000000e+00
3.262222009711670090e+00 1.000000000000000000e+00
3.300034791125285416e+00 1.000000000000000000e+00
3.338285864731760810e+00 1.000000000000000000e+00
3.376980310825091536e+00 1.000000000000000000e+00
3.416123268585528283e+00 1.000000000000000000e+00
3.455719936762139621e+00 1.000000000000000000e+00
3.495775574363275240e+00 1.000000000000000000e+00
3.536295501355042781e+00 1.000000000000000000e+00
3.577285099367873311e+00 1.000000000000000000e+00
3.618749812411280242e+00 1.000000000000000000e+00
3.660695147596902288e+00 1.000000000000000000e+00
3.703126675869927276e+00 1.000000000000000000e+00
3.746050032748993175e+00 1.000000000000000000e+00
3.789470919074667599e+00 1.000000000000000000e+00
3.833395101766601254e+00 1.000000000000000000e+00
3.877828414589457484e+00 1.000000000000000000e+00
3.922776758927719598e+00 1.000000000000000000e+00
3.968246104569481680e+00 1.000000000000000000e+00
4.014242490499322358e+00 1.000000000000000000e+00
4.060772025700365440e+00 1.000000000000000000e+00
4.107840889965646447e+00 1.000000000000000000e+00
4.155455334718875626e+00 1.000000000000000000e+00
4.203621683844713353e+00 1.000000000000000000e+00
4.252346334528682270e+00 1.000000000000000000e+00
4.301635758106795215e+00 1.000000000000000000e+00
4.351496500925049915e+00 1.000000000000000000e+00
4.401935185208874834e+00 1.000000000000000000e+00
4.452958509942654963e+00 1.000000000000000000e+00
4.504573251759458330e+00 1.000000000000000000e+00
4.556786265841063610e+00 1.000000000000000000e+00
4.609604486828433600e+00 1.000000000000000000e+00
4.663034929742731372e+00 1.000000000000000000e+00
4.717084690917017653e+00 1.000000000000000000e+00
4.771760948938745805e+00 1.000000000000000000e+00
4.827070965603183161e+00 1.000000000000000000e+00
4.883022086877879531e+00 1.000000000000000000e+00
4.939621743878320537e+00 1.000000000000000000e+00
4.996877453854883910e+00 1.000000000000000000e+00
5.054796821191240852e+00 1.000000000000000000e+00
5.113387538414325917e+00 1.000000000000000000e+00
5.172657387216019309e+00 1.000000000000000000e+00
5.232614239486661489e+00 1.000000000000000000e+00
5.293266058360561743e+00 1.000000000000000000e+00
5.354620899273607293e+00 1.000000000000000000e+00
5.416686911033152363e+00 1.000000000000000000e+00
5.479472336900286678e+00 1.000000000000000000e+00
5.542985515684669018e+00 1.000000000000000000e+00
5.607234882852032420e+00 1.000000000000000000e+00
5.672228971644543094e+00 1.000000000000000000e+00
5.737976414214133847e+00 1.000000000000000000e+00
5.804485942768978113e+00 1.000000000000000000e+00
5.871766390733255570e+00 1.000000000000000000e+00
5.939826693920356782e+00 1.000000000000000000e+00
6.008675891719686746e+00 1.000000000000000000e+00
6.078323128297229871e+00 1.000000000000000000e+00
6.148777653810022947e+00 1.000000000000000000e+00
6.220048825634711953e+00 1.000000000000000000e+00
6.292146109610343707e+00 1.000000000000000000e+00
6.365079081295570873e+00 1.000000000000000000e+00
6.438857427240419540e+00 1.000000000000000000e+00
6.513490946272802340e+00 1.000000000000000000e+00
6.588989550799949413e+00 1.000000000000000000e+00
6.665363268124913532e+00 1.000000000000000000e+00
6.742622241778342129e+00 1.000000000000000000e+00
6.820776732865684977e+00 1.000000000000000000e+00
6.899837121430018705e+00 1.000000000000000000e+00
6.979813907830660469e+00 1.000000000000000000e+00
7.060717714137773271e+00 1.000000000000000000e+00
7.142559285543126357e+00 1.000000000000000000e+00
7.225349491787214085e+00 1.000000000000000000e+00
7.309099328602910894e+00 1.000000000000000000e+00
7.393819919175865785e+00 1.000000000000000000e+00
7.479522515621821022e+00 1.000000000000000000e+00
7.566218500481054932e+00 1.000000000000000000e+00
7.653919388230147725e+00 1.000000000000000000e+00
7.742636826811269302e+00 1.000000000000000000e+00
7.832382599179195992e+00 1.000000000000000000e+00
7.923168624866253396e+00 1.000000000000000000e+00
8.015006961565404708e+00 1.000000000000000000e+00
8.107909806731687041e+00 1.000000000000000000e+00
8.201889499202202671e+00 1.000000000000000000e+00
8.296958520834905926e+00 1.000000000000000000e+00
8.393129498166365110e+00 1.000000000000000000e+00
8.490415204088746393e+00 1.000000000000000000e+00
8.588828559546250574e+00 1.000000000000000000e+00
8.688382635251183927e+00 1.000000000000000000e+00
8.789090653419954435e+00 1.000000000000000000e+00
8.890965989529158620e+00 1.000000000000000000e+00
8.994022174092044963e+00 1.000000000000000000e+00
9.098272894455558202e+00 1.000000000000000000e+00
9.203731996618220279e+00 1.000000000000000000e+00
9.310413487069075344e+00 1.000000000000000000e+00
9.418331534647951031e+00 1.000000000000000000e+00
9.527500472427290035e+00 1.000000000000000000e+00
9.637934799615786474e+00 1.000000000000000000e+00
9.749649183484086379e+00 1.000000000000000000e+00
9.862658461312820535e+00 1.000000000000000000e+00
9.976977642363200616e+00 1.000000000000000000e+00
1.009262190987048413e+01 1.000000000000000000e+00
1.020960662306047517e+01 1.000000000000000000e+00
1.032794731918952458e+01 1.000000000000000000e+00
1.044765971560805262e+01 1.000000000000000000e+00
1.056875971184805074e+01 1.000000000000000000e+00
1.069126339173477191e+01 1.000000000000000000e+00
1.081518702552289213e+01 1.000000000000000000e+00
1.094054707205743604e+01 1.000000000000000000e+00
1.106736018095974572e+01 1.000000000000000000e+00
1.119564319483879444e+01 1.000000000000000000e+00
1.132541315152812622e+01 1.000000000000000000e+00
1.145668728634872657e+01 1.000000000000000000e+00
1.158948303439811767e+01 1.000000000000000000e+00
1.172381803286599755e+01 1.000000000000000000e+00
1.185971012337670594e+01 1.000000000000000000e+00
1.199717735435885579e+01 1.000000000000000000e+00
1.213623798344241678e+01 1.000000000000000000e+00
1.227691047988360395e+01 1.000000000000000000e+00
1.241921352701784542e+01 1.000000000000000000e+00
1.256316602474121424e+01 1.000000000000000000e+00
1.270878709202059476e+01 1.000000000000000000e+00
1.285609606943296512e+01 1.000000000000000000e+00
1.300511252173409815e+01 1.000000000000000000e+00
1.315585624045705160e+01 1.000000000000000000e+00
1.330834724654076062e+01 1.000000000000000000e+00
1.346260579298911075e+01 1.000000000000000000e+00
1.361865236756082709e+01 1.000000000000000000e+00
1.377650769549054921e+01 1.000000000000000000e+00
1.393619274224143467e+01 1.000000000000000000e+00
1.409772871628967650e+01 1.000000000000000000e+00
1.426113707194129709e+01 1.000000000000000000e+00
1.442643951218158804e+01 1.000000000000000000e+00
1.459365799155757593e+01 1.000000000000000000e+00
1.476281471909391030e+01 1.000000000000000000e+00
1.493393216124253264e+01 1.000000000000000000e+00
1.510703304486655618e+01 1.000000000000000000e+00
1.528214036025870826e+01 1.000000000000000000e+00
1.545927736419478471e+01 1.000000000000000000e+00
1.563846758302247864e+01 1.000000000000000000e+00
1.581973481578601515e+01 1.000000000000000000e+00
1.600310313738701851e+01 1.000000000000000000e+00
1.618859690178199173e+01 1.000000000000000000e+00
1.637624074521689010e+01 1.000000000000000000e+00
1.656605958949915092e+01 1.000000000000000000e+00
1.675807864530768754e+01 1.000000000000000000e+00
1.695232341554121547e+01 1.000000000000000000e+00
1.714881969870540956e+01 1.000000000000000000e+00
1.734759359233932585e+01 1.000000000000000000e+00
1.754867149648152136e+01 1.000000000000000000e+00
1.775208011717635870e+01 1.000000000000000000e+00
1.795784647002096790e+01 1.000000000000000000e+00
1.816599788375328473e+01 1.000000000000000000e+00
1.837656200388172323e+01 1.000000000000000000e+00
1.858956679635688403e+01 1.000000000000000000e+00
1.880504055128583474e+01 1.000000000000000000e+00
1.902301188668945642e+01 1.000000000000000000e+00
1.924350975230332139e+01 1.000000000000000000e+00
1.946656343342263185e+01 1.000000000000000000e+00
1.969220255479173431e+01 1.000000000000000000e+00
1.992045708453871100e+01 1.000000000000000000e+00
2.015135733815558439e+01 1.000000000000000000e+00
2.038493398252464317e+01 1.000000000000000000e+00
2.062121803999144376e+01 1.000000000000000000e+00
2.086024089248504865e+01 1.000000000000000000e+00
2.110203428568596706e+01 1.000000000000000000e+00
2.134663033324245518e+01 1.000000000000000000e+00
2.159406152103567678e+01 1.000000000000000000e+00
2.184436071149428571e+01 1.000000000000000000e+00
2.209756114795903059e+01 1.000000000000000000e+00
2.235369645909796432e+01 1.000000000000000000e+00
2.261280066337279493e+01 1.000000000000000000e+00
2.287490817355704209e+01 1.000000000000000000e+00
2.314005380130653933e+01 1.000000000000000000e+00
2.340827276178294269e+01 1.000000000000000000e+00
2.367960067833078597e+01 1.000000000000000000e+00
2.395407358720879287e+01 1.000000000000000000e+00
2.423172794237600769e+01 1.000000000000000000e+00
2.451260062033339793e+01 1.000000000000000000e+00
2.479672892502160053e+01 1.000000000000000000e+00
2.508415059277541204e+01 1.000000000000000000e+00
2.537490379733571544e+01 1.000000000000000000e+00
2.566902715491951881e+01 1.000000000000000000e+00
2.596655972934872381e+01 1.000000000000000000e+00
2.626754103723838440e+01 1.000000000000000000e+00
2.657201105324506685e+01 1.000000000000000000e+00
2.688001021537607471e+01 1.000000000000000000e+00
2.719157943036018921e+01 1.000000000000000000e+00
2.750676007908067433e+01 1.000000000000000000e+00
2.782559402207125743e+01 1.000000000000000000e+00
2.814812360507581346e+01 1.000000000000000000e+00
2.847439166467247773e+01 1.000000000000000000e+00
2.880444153396297935e+01 1.000000000000000000e+00
2.913831704832788461e+01 1.000000000000000000e+00
2.947606255124858521e+01 1.000000000000000000e+00
2.981772290019673477e+01 1.000000000000000000e+00
3.016334347259197202e+01 1.000000000000000000e+00
3.051297017182870874e+01 1.000000000000000000e+00
3.086664943337274636e+01 1.000000000000000000e+00
3.122442823092858077e+01 1.000000000000000000e+00
3.158635408267819145e+01 1.000000000000000000e+00
3.195247505759213524e+01 1.000000000000000000e+00
3.232283978181380490e+01 1.000000000000000000e+00
3.269749744511767631e+01 1.000000000000000000e+00
3.307649780744242207e+01 1.000000000000000000e+00
3.345989120549975127e+01 1.000000000000000000e+00
3.384772855945983139e+01 1.000000000000000000e+00
3.424006137971425545e+01 1.000000000000000000e+00
3.463694177371734639e+01 1.000000000000000000e+00
3.503842245290675805e+01 1.000000000000000000e+00
3.544455673970435328e+01 1.000000000000000000e+00
3.585539857459816915e+01 1.000000000000000000e+00
3.627100252330648544e+01 1.000000000000000000e+00
3.669142378402494131e+01 1.000000000000000000e+00
3.711671819475766654e+01 1.000000000000000000e+00
3.754694224073336528e+01 1.000000000000000000e+00
3.798215306190736129e+01 1.000000000000000000e+00
3.842240846055060643e+01 1.000000000000000000e+00
3.886776690892667574e+01 1.000000000000000000e+00
3.931828755705770106e+01 1.000000000000000000e+00
3.977403024058036607e+01 1.000000000000000000e+00
4.023505548869292880e+01 1.000000000000000000e+00
4.070142453219438750e+01 1.000000000000000000e+00
4.117319931161679136e+01 1.000000000000000000e+00
4.165044248545184757e+01 1.000000000000000000e+00
4.213321743847289014e+01 1.000000000000000000e+00
4.262158829015324812e+01 1.000000000000000000e+00
4.311561990318228510e+01 1.000000000000000000e+00
4.361537789208005478e+01 1.000000000000000000e+00
4.412092863191190162e+01 1.000000000000000000e+00
4.463233926710397270e+01 1.000000000000000000e+00
4.514967772036101934e+01 1.000000000000000000e+00
4.567301270168746896e+01 1.000000000000000000e+00
4.620241371751313153e+01 1.000000000000000000e+00
4.673795107992463471e+01 1.000000000000000000e+00
4.727969591600390942e+01 1.000000000000000000e+00
4.782772017727485547e+01 1.000000000000000000e+00
4.838209664925957298e+01 1.000000000000000000e+00
4.894289896114531757e+01 1.000000000000000000e+00
4.951020159556351530e+01 1.000000000000000000e+00
5.008407989848212338e+01 1.000000000000000000e+00
5.066461008921268672e+01 1.000000000000000000e+00
5.125186927053332653e+01 1.000000000000000000e+00
5.184593543892913203e+01 1.000000000000000000e+00
5.244688749495119140e+01 1.000000000000000000e+00
5.305480525369573996e+01 1.000000000000000000e+00
5.366976945540476152e+01 1.000000000000000000e+00
5.429186177618942821e+01 1.000000000000000000e+00
5.492116483887789258e+01 1.000000000000000000e+00
5.555776222398877451e+01 1.000000000000000000e+00
5.620173848083187806e+01 1.000000000000000000e+00
5.685317913873753071e+01 1.000000000000000000e+00
5.751217071841613659e+01 1.000000000000000000e+00
5.817880074344935082e+01 1.000000000000000000e+00
5.885315775191450172e+01 1.000000000000000000e+00
5.953533130814370367e+01 1.000000000000000000e+00
6.022541201461928040e+01 1.000000000000000000e+00
6.092349152400711887e+01 1.000000000000000000e+00
6.162966255132942450e+01 1.000000000000000000e+00
6.234401888627863997e+01 1.000000000000000000e+00
6.306665540567405515e+01 1.000000000000000000e+00
6.379766808606282069e+01 1.000000000000000000e+00
6.453715401646701366e+01 1.000000000000000000e+00
6.528521141127846761e+01 1.000000000000000000e+00
6.604193962330305112e+01 1.000000000000000000e+00
6.680743915695614987e+01 1.000000000000000000e+00
6.758181168161110008e+01 1.000000000000000000e+00
6.836516004510238531e+01 1.000000000000000000e+00
6.915758828738525210e+01 1.000000000000000000e+00
6.995920165435374827e+01 1.000000000000000000e+00
7.077010661181888906e+01 1.000000000000000000e+00
7.159041085964888396e+01 1.000000000000000000e+00
7.242022334607315770e+01 1.000000000000000000e+00
7.325965428215229736e+01 1.000000000000000000e+00
7.410881515641570161e+01 1.000000000000000000e+00
7.496781874966876558e+01 1.000000000000000000e+00
7.583677914997190328e+01 1.000000000000000000e+00
7.671581176779302780e+01 1.000000000000000000e+00
7.760503335133570602e+01 1.000000000000000000e+00
7.850456200204509116e+01 1.000000000000000000e+00
7.941451719029339529e+01 1.000000000000000000e+00
8.033501977124734594e+01 1.000000000000000000e+00
8.126619200091946027e+01 1.000000000000000000e+00
8.220815755240541023e+01 1.000000000000000000e+00
8.316104153230961060e+01 1.000000000000000000e+00
8.412497049736118981e+01 1.000000000000000000e+00
8.510007247122246099e+01 1.000000000000000000e+00
8.608647696149245121e+01 1.000000000000000000e+00
8.708431497690723688e+01 1.000000000000000000e+00
8.809371904473991322e+01 1.000000000000000000e+00
8.911482322840201675e+01 1.000000000000000000e+00
9.014776314524917211e+01 1.000000000000000000e+00
9.119267598459298085e+01 1.000000000000000000e+00
9.224970052592173886e+01 1.000000000000000000e+00
9.331897715733238385e+01 1.000000000000000000e+00
9.440064789417603208e+01 1.000000000000000000e+00
9.549485639791966207e+01 1.000000000000000000e+00
9.660174799522646083e+01 1.000000000000000000e+00
9.772146969725724830e+01 1.000000000000000000e+00
9.885417021919573699e+01 1.000000000000000000e+00
1.000000000000000000e+02 1.000000000000000000e+00
