0 4
1 11 0 0 0 0 -0.011039 0.013900 0.123637 0.124906 0.000511 122.391501 -4.522754 716.856684 3200.000000
1 -11 0 0 0 0 0.048419 -0.007048 0.386992 0.390074 0.000511 122.391501 -4.522754 716.856684 3200.000000
2 14 0 0 0 0 0.016461 -0.052480 0.514094 0.517028 0.000511 122.391501 -4.522754 716.856684 3200.000000
1 2212 0 0 0 0 -0.053841 0.045628 0.009988 0.940704 0.938000 118.766701 -1.450848 647.867514 3200.000000
1 4
1 11 0 0 0 0 -0.011743 -0.047597 0.044531 0.066232 0.000511 139.610674 16.279319 668.127447 3200.000000
1 -11 0 0 0 0 -0.033882 -0.200636 0.235873 0.311511 0.000511 139.610674 16.279319 668.127447 3200.000000
2 14 0 0 0 0 -0.040952 -0.280404 0.487252 0.563664 0.000511 139.610674 16.279319 668.127447 3200.000000
1 2212 0 0 0 0 0.086578 0.528637 0.381238 1.145486 0.938000 141.691165 28.982645 649.680429 3200.000000
2 4
1 11 0 0 0 0 -0.383658 -0.236802 0.579302 0.734070 0.000511 61.467618 -62.892487 238.302321 3200.000000
1 -11 0 0 0 0 -0.055138 -0.046626 0.090485 0.115767 0.000511 61.467618 -62.892487 238.302321 3200.000000
2 14 0 0 0 0 -0.045078 -0.001215 0.083947 0.095293 0.000511 61.467618 -62.892487 238.302321 3200.000000
1 2212 0 0 0 0 0.483873 0.284643 0.426987 1.173591 0.938000 70.615694 -57.511051 224.052277 3200.000000
3 4
1 11 0 0 0 0 0.100890 0.003024 0.160046 0.189217 0.000511 104.645902 -50.478262 358.917989 3200.000000
1 -11 0 0 0 0 0.268440 0.089634 0.413993 0.501483 0.000511 104.645902 -50.478262 358.917989 3200.000000
2 14 0 0 0 0 0.060525 0.041515 0.069465 0.101056 0.000511 104.645902 -50.478262 358.917989 3200.000000
1 2212 0 0 0 0 -0.429855 -0.134174 0.290547 1.080296 0.938000 103.335001 -50.887442 356.955537 3200.000000
4 4
1 11 0 0 0 0 0.009500 -0.013437 0.008302 0.018439 0.000511 165.470409 -42.741876 295.912385 3200.000000
1 -11 0 0 0 0 0.163793 -0.129572 0.442247 0.489081 0.000511 165.470409 -42.741876 295.912385 3200.000000
2 14 0 0 0 0 0.016526 -0.016571 0.010933 0.025831 0.000511 165.470409 -42.741876 295.912385 3200.000000
1 2212 0 0 0 0 -0.189819 0.159580 0.110351 0.976483 0.938000 160.040927 -38.177336 282.712403 3200.000000
5 4
1 11 0 0 0 0 0.187066 0.047361 0.221138 0.293494 0.000511 169.955159 -37.077022 241.467508 3200.000000
1 -11 0 0 0 0 0.081665 -0.024053 0.073298 0.112342 0.000511 169.955159 -37.077022 241.467508 3200.000000
2 14 0 0 0 0 0.185597 0.041171 0.182868 0.263784 0.000511 169.955159 -37.077022 241.467508 3200.000000
1 2212 0 0 0 0 -0.454328 -0.064479 0.358309 1.103993 0.938000 150.134535 -39.890012 220.644551 3200.000000
6 4
1 11 0 0 0 0 0.034999 0.149122 0.153970 0.217185 0.000511 170.168312 43.742207 475.513352 3200.000000
1 -11 0 0 0 0 0.129419 0.253205 0.302142 0.414912 0.000511 170.168312 43.742207 475.513352 3200.000000
2 14 0 0 0 0 0.025701 0.102560 0.062090 0.122615 0.000511 170.168312 43.742207 475.513352 3200.000000
1 2212 0 0 0 0 -0.190119 -0.504887 0.483835 1.185325 0.938000 158.796534 13.542826 444.517540 3200.000000
7 4
1 11 0 0 0 0 0.128590 0.004851 0.103765 0.165307 0.000511 152.361437 12.545186 438.899024 3200.000000
1 -11 0 0 0 0 0.166002 0.040999 0.114981 0.206054 0.000511 152.361437 12.545186 438.899024 3200.000000
2 14 0 0 0 0 0.131474 0.081702 0.140253 0.208881 0.000511 152.361437 12.545186 438.899024 3200.000000
1 2212 0 0 0 0 -0.426065 -0.127551 0.393373 1.110129 0.938000 121.996368 3.454783 413.313706 3200.000000
8 4
1 11 0 0 0 0 -0.060682 -0.058489 0.212716 0.228805 0.000511 152.071003 7.722242 566.661530 3200.000000
1 -11 0 0 0 0 -0.028791 -0.046507 0.107748 0.120838 0.000511 152.071003 7.722242 566.661530 3200.000000
2 14 0 0 0 0 0.011559 0.012381 0.032000 0.036206 0.000511 152.071003 7.722242 566.661530 3200.000000
1 1000180400 0 0 0 0 0.077914 0.092615 0.034086 11.262702 11.262000 160.430628 17.659235 528.844508 3200.000000
9 4
1 11 0 0 0 0 0.011961 0.109946 0.716651 0.725134 0.000511 129.300877 -54.878133 316.645335 3200.000000
1 -11 0 0 0 0 0.039179 0.035563 0.133619 0.143715 0.000511 129.300877 -54.878133 316.645335 3200.000000
2 14 0 0 0 0 0.015113 0.014746 0.121959 0.123773 0.000511 129.300877 -54.878133 316.645335 3200.000000
1 2212 0 0 0 0 -0.066253 -0.160255 0.037006 0.954612 0.938000 128.478120 -56.868232 304.571858 3200.000000
10 4
1 11 0 0 0 0 0.008770 0.006710 0.016327 0.019717 0.000511 70.587151 -59.506559 369.230243 3200.000000
1 -11 0 0 0 0 0.000028 -0.004200 -0.000083 0.004232 0.000511 70.587151 -59.506559 369.230243 3200.000000
2 14 0 0 0 0 0.055605 -0.142184 0.591200 0.610595 0.000511 70.587151 -59.506559 369.230243 3200.000000
1 2212 0 0 0 0 -0.064403 0.139674 0.040487 0.951388 0.938000 69.414864 -56.964164 358.173346 3200.000000
11 4
1 11 0 0 0 0 0.109932 -0.198586 0.508570 0.556924 0.000511 122.778975 33.514894 648.643150 3200.000000
1 -11 0 0 0 0 0.078142 -0.158357 0.579084 0.605411 0.000511 122.778975 33.514894 648.643150 3200.000000
2 14 0 0 0 0 0.010479 -0.005762 0.069920 0.070935 0.000511 122.778975 33.514894 648.643150 3200.000000
1 2212 0 0 0 0 -0.198553 0.362704 0.178159 1.040463 0.938000 121.333036 36.156242 640.213269 3200.000000
12 4
1 11 0 0 0 0 -0.001823 -0.007039 0.703071 0.703108 0.000511 55.830251 -51.361005 641.188084 3200.000000
1 -11 0 0 0 0 -0.035208 -0.056222 0.764782 0.767654 0.000511 55.830251 -51.361005 641.188084 3200.000000
2 14 0 0 0 0 0.002756 0.014902 0.078225 0.079679 0.000511 55.830251 -51.361005 641.188084 3200.000000
1 1000180400 0 0 0 0 0.034275 0.048359 0.004521 11.262157 11.262000 58.944996 -46.966397 500.688704 3200.000000
13 4
1 11 0 0 0 0 0.025463 0.007667 0.249464 0.250878 0.000511 57.045896 -15.064136 416.641960 3200.000000
1 -11 0 0 0 0 -0.004220 0.023079 0.619291 0.619736 0.000511 57.045896 -15.064136 416.641960 3200.000000
2 14 0 0 0 0 -0.054447 0.014832 0.621056 0.623615 0.000511 57.045896 -15.064136 416.641960 3200.000000
1 1000180400 0 0 0 0 0.033205 -0.045577 0.004559 11.262142 11.262000 59.183249 -17.997900 320.744534 3200.000000
14 4
1 11 0 0 0 0 0.106405 -0.184559 0.593879 0.630933 0.000511 91.196976 14.767289 413.981962 3200.000000
1 -11 0 0 0 0 0.036219 -0.119465 0.357379 0.378555 0.000511 91.196976 14.767289 413.981962 3200.000000
2 14 0 0 0 0 0.040222 -0.068331 0.391214 0.399169 0.000511 91.196976 14.767289 413.981962 3200.000000
1 2212 0 0 0 0 -0.182847 0.372355 0.167388 1.039203 0.938000 86.068469 25.211136 376.328172 3200.000000
15 4
1 11 0 0 0 0 -0.034695 0.005929 0.393249 0.394821 0.000511 136.488894 -15.084565 525.815679 3200.000000
1 -11 0 0 0 0 -0.036894 -0.029508 0.360190 0.363275 0.000511 136.488894 -15.084565 525.815679 3200.000000
2 14 0 0 0 0 0.014597 -0.028205 0.109129 0.113657 0.000511 136.488894 -15.084565 525.815679 3200.000000
1 1000180400 0 0 0 0 0.056992 0.051784 0.009452 11.262267 11.262000 136.678296 -14.912469 522.949088 3200.000000
16 4
1 11 0 0 0 0 0.005594 0.001717 0.016066 0.017107 0.000511 110.193431 33.078566 384.832320 3200.000000
1 -11 0 0 0 0 0.112228 0.502486 0.624890 0.809676 0.000511 110.193431 33.078566 384.832320 3200.000000
2 14 0 0 0 0 0.012109 0.085599 0.153470 0.176145 0.000511 110.193431 33.078566 384.832320 3200.000000
1 2212 0 0 0 0 -0.129930 -0.589803 0.488297 1.217796 0.938000 103.050055 0.652096 341.155947 3200.000000
17 4
1 11 0 0 0 0 -0.017435 0.027357 0.280173 0.282045 0.000511 176.322797 0.404505 717.799895 3200.000000
1 -11 0 0 0 0 -0.056911 -0.028299 0.163523 0.175441 0.000511 176.322797 0.404505 717.799895 3200.000000
2 14 0 0 0 0 -0.006166 0.016471 0.057987 0.060595 0.000511 176.322797 0.404505 717.799895 3200.000000
1 1000180400 0 0 0 0 0.080512 -0.015529 0.016710 11.262311 11.262000 176.853045 0.302235 714.495837 3200.000000
18 4
1 11 0 0 0 0 0.030674 0.022301 0.140935 0.145949 0.000511 123.708742 44.135092 273.001640 3200.000000
1 -11 0 0 0 0 0.087505 -0.043591 0.387181 0.399332 0.000511 123.708742 44.135092 273.001640 3200.000000
2 14 0 0 0 0 0.002191 -0.020859 0.036118 0.041766 0.000511 123.708742 44.135092 273.001640 3200.000000
1 1000180400 0 0 0 0 -0.120369 0.042149 0.023561 11.262747 11.262000 120.788827 45.157551 259.314483 3200.000000
19 4
1 11 0 0 0 0 -0.014253 -0.080461 -0.010468 0.082383 0.000511 159.305913 -8.198821 493.428770 3200.000000
1 -11 0 0 0 0 -0.030914 -0.051337 0.013288 0.061384 0.000511 159.305913 -8.198821 493.428770 3200.000000
2 14 0 0 0 0 0.036268 -0.069093 0.028068 0.082927 0.000511 159.305913 -8.198821 493.428770 3200.000000
1 2212 0 0 0 0 0.008899 0.200891 0.248878 0.991070 0.938000 159.476738 -4.342327 492.835835 3200.000000
20 4
1 11 0 0 0 0 -0.036072 0.013000 0.017774 0.042265 0.000511 74.072360 27.560163 496.769211 3200.000000
1 -11 0 0 0 0 -0.186943 0.107040 0.251755 0.331340 0.000511 74.072360 27.560163 496.769211 3200.000000
2 14 0 0 0 0 -0.086030 -0.004222 0.089359 0.124113 0.000511 74.072360 27.560163 496.769211 3200.000000
1 2212 0 0 0 0 0.309045 -0.115817 0.219035 1.018206 0.938000 76.543370 26.634132 493.899673 3200.000000
21 4
1 11 0 0 0 0 -0.020293 -0.025294 0.022432 0.039434 0.000511 114.280341 -52.630477 480.388032 3200.000000
1 -11 0 0 0 0 0.003050 -0.005723 0.007661 0.010050 0.000511 114.280341 -52.630477 480.388032 3200.000000
2 14 0 0 0 0 0.021106 -0.027591 0.270223 0.272447 0.000511 114.280341 -52.630477 480.388032 3200.000000
1 1000180400 0 0 0 0 -0.003863 0.058609 0.021789 11.262174 11.262000 114.208836 -51.545645 474.829262 3200.000000
22 4
1 11 0 0 0 0 0.025880 -0.066725 0.197117 0.209707 0.000511 141.711725 -14.176851 251.993262 3200.000000
1 -11 0 0 0 0 0.022155 -0.015091 0.097208 0.100837 0.000511 141.711725 -14.176851 251.993262 3200.000000
2 14 0 0 0 0 0.050367 -0.041900 0.054313 0.085102 0.000511 141.711725 -14.176851 251.993262 3200.000000
1 2212 0 0 0 0 -0.098402 0.123716 0.062273 0.953263 0.938000 140.889427 -13.143015 249.079861 3200.000000
23 4
1 11 0 0 0 0 0.128590 0.004851 0.103765 0.165307 0.000511 186.495969 26.014193 372.073046 3200.000000
1 -11 0 0 0 0 0.166002 0.040999 0.114981 0.206054 0.000511 186.495969 26.014193 372.073046 3200.000000
2 14 0 0 0 0 0.131474 0.081702 0.140253 0.208881 0.000511 186.495969 26.014193 372.073046 3200.000000
1 2212 0 0 0 0 -0.426065 -0.127551 0.393373 1.110129 0.938000 166.303981 19.969310 355.059469 3200.000000
24 4
1 11 0 0 0 0 -0.010187 0.023077 0.131137 0.133542 0.000511 127.745921 17.011489 619.244312 3200.000000
1 -11 0 0 0 0 -0.043627 -0.003828 0.716138 0.717476 0.000511 127.745921 17.011489 619.244312 3200.000000
2 14 0 0 0 0 -0.020910 0.023840 0.088097 0.093630 0.000511 127.745921 17.011489 619.244312 3200.000000
1 1000180400 0 0 0 0 0.074724 -0.043090 0.009611 11.262334 11.262000 129.599951 15.942365 596.036152 3200.000000
25 4
1 11 0 0 0 0 -0.082598 0.131209 0.602004 0.621649 0.000511 97.659581 -39.246513 681.454838 3200.000000
1 -11 0 0 0 0 0.008243 0.003249 0.013751 0.016366 0.000511 97.659581 -39.246513 681.454838 3200.000000
2 14 0 0 0 0 -0.007978 -0.008666 0.076427 0.077330 0.000511 97.659581 -39.246513 681.454838 3200.000000
1 1000180400 0 0 0 0 0.082333 -0.125792 0.024192 11.263029 11.262000 98.192789 -40.061176 676.972071 3200.000000
26 4
1 11 0 0 0 0 0.056428 0.068805 0.755976 0.761195 0.000511 144.523408 -49.054586 516.974109 3200.000000
1 -11 0 0 0 0 0.038782 0.035491 0.400138 0.403577 0.000511 144.523408 -49.054586 516.974109 3200.000000
2 14 0 0 0 0 -0.018825 0.029912 0.142940 0.147245 0.000511 144.523408 -49.054586 516.974109 3200.000000
1 1000180400 0 0 0 0 -0.076385 -0.134208 0.014030 11.263067 11.262000 141.496829 -54.372262 465.502222 3200.000000
27 4
1 11 0 0 0 0 -0.010526 -0.012074 0.075279 0.076967 0.000511 87.453104 -11.320665 391.666879 3200.000000
1 -11 0 0 0 0 0.034670 0.018003 0.264455 0.267325 0.000511 87.453104 -11.320665 391.666879 3200.000000
2 14 0 0 0 0 -0.037250 0.024018 0.512223 0.514137 0.000511 87.453104 -11.320665 391.666879 3200.000000
1 1000180400 0 0 0 0 0.013106 -0.029947 0.006521 11.262049 11.262000 88.341703 -13.351023 333.905169 3200.000000
28 4
1 11 0 0 0 0 -0.135142 0.147417 0.221504 0.298428 0.000511 72.974207 12.650855 511.899655 3200.000000
1 -11 0 0 0 0 -0.013874 0.013715 0.003895 0.019900 0.000511 72.974207 12.650855 511.899655 3200.000000
2 14 0 0 0 0 -0.215061 0.320036 0.317439 0.499441 0.000511 72.974207 12.650855 511.899655 3200.000000
1 2212 0 0 0 0 0.364077 -0.481167 0.606467 1.269535 0.938000 86.716530 -5.511122 491.409872 3200.000000
29 4
1 11 0 0 0 0 -0.071861 -0.056275 0.132311 0.160740 0.000511 86.664923 -3.702630 340.650907 3200.000000
1 -11 0 0 0 0 -0.161807 -0.087168 0.193734 0.267045 0.000511 86.664923 -3.702630 340.650907 3200.000000
2 14 0 0 0 0 -0.115739 -0.139683 0.159630 0.241637 0.000511 86.664923 -3.702630 340.650907 3200.000000
1 2212 0 0 0 0 0.349407 0.283126 0.340199 1.094452 0.938000 96.506616 4.272118 326.970994 3200.000000
30 4
1 11 0 0 0 0 -0.037595 0.037410 0.223464 0.229672 0.000511 64.242147 28.572925 781.503627 3200.000000
1 -11 0 0 0 0 -0.010031 0.043342 0.244248 0.248266 0.000511 64.242147 28.572925 781.503627 3200.000000
2 14 0 0 0 0 0.032702 0.112755 0.765518 0.774468 0.000511 64.242147 28.572925 781.503627 3200.000000
1 2212 0 0 0 0 0.014923 -0.193507 0.039875 0.958698 0.938000 66.242667 2.631544 616.178305 3200.000000
31 4
1 11 0 0 0 0 0.007511 0.016645 0.106860 0.108411 0.000511 160.953436 -60.028963 287.496427 3200.000000
1 -11 0 0 0 0 0.012287 0.002477 0.246111 0.246431 0.000511 160.953436 -60.028963 287.496427 3200.000000
2 14 0 0 0 0 0.112745 -0.009377 0.364399 0.381557 0.000511 160.953436 -60.028963 287.496427 3200.000000
1 1000180400 0 0 0 0 -0.132543 -0.009745 0.019830 11.262802 11.262000 156.532697 -60.353993 263.569826 3200.000000
32 4
1 11 0 0 0 0 -0.055714 0.036966 0.089464 0.111689 0.000511 55.069109 -55.113773 741.199630 3200.000000
1 -11 0 0 0 0 -0.056100 0.068452 0.123353 0.151819 0.000511 55.069109 -55.113773 741.199630 3200.000000
2 14 0 0 0 0 -0.136953 0.016066 0.231842 0.269750 0.000511 55.069109 -55.113773 741.199630 3200.000000
1 2212 0 0 0 0 0.248767 -0.121483 0.138337 0.987737 0.938000 76.250993 -65.457785 703.338084 3200.000000
33 4
1 11 0 0 0 0 -0.032813 -0.040601 0.156595 0.165068 0.000511 147.484641 -30.865673 687.493629 3200.000000
1 -11 0 0 0 0 -0.015732 -0.007309 0.052599 0.055388 0.000511 147.484641 -30.865673 687.493629 3200.000000
2 14 0 0 0 0 0.026545 -0.015474 0.015362 0.034352 0.000511 147.484641 -30.865673 687.493629 3200.000000
1 1000180400 0 0 0 0 0.022001 0.063384 0.030493 11.262241 11.262000 147.879010 -29.729513 683.468461 3200.000000
34 4
1 11 0 0 0 0 0.073606 0.019299 0.094068 0.120993 0.000511 137.279381 -30.865237 570.355348 3200.000000
1 -11 0 0 0 0 0.090907 -0.016355 0.216079 0.234994 0.000511 137.279381 -30.865237 570.355348 3200.000000
2 14 0 0 0 0 0.212828 0.029931 0.298087 0.367488 0.000511 137.279381 -30.865237 570.355348 3200.000000
1 2212 0 0 0 0 -0.377341 -0.032876 0.210498 1.033257 0.938000 82.040983 -35.677875 481.316806 3200.000000
35 4
1 11 0 0 0 0 -0.070042 -0.014409 0.614440 0.618588 0.000511 149.315656 -48.483522 610.423078 3200.000000
1 -11 0 0 0 0 -0.001296 -0.007773 0.013263 0.015436 0.000511 149.315656 -48.483522 610.423078 3200.000000
2 14 0 0 0 0 -0.002421 0.032033 0.132980 0.136805 0.000511 149.315656 -48.483522 610.423078 3200.000000
1 1000180400 0 0 0 0 0.073759 -0.009851 0.010396 11.262251 11.262000 153.444872 -49.034999 567.838335 3200.000000
36 4
1 11 0 0 0 0 0.017495 -0.036141 0.061424 0.073385 0.000511 115.962427 5.324982 465.791787 3200.000000
1 -11 0 0 0 0 -0.004758 -0.061367 0.288919 0.295403 0.000511 115.962427 5.324982 465.791787 3200.000000
2 14 0 0 0 0 -0.022244 -0.008187 0.168347 0.170007 0.000511 115.962427 5.324982 465.791787 3200.000000
1 1000180400 0 0 0 0 0.009507 0.105695 0.020625 11.262519 11.262000 116.287668 8.940834 448.047347 3200.000000
37 4
1 11 0 0 0 0 0.002442 0.006705 0.003517 0.007972 0.000511 107.100586 7.501588 649.866288 3200.000000
1 -11 0 0 0 0 0.082622 0.151771 0.378493 0.416074 0.000511 107.100586 7.501588 649.866288 3200.000000
2 14 0 0 0 0 0.224022 0.256241 0.877525 0.941220 0.000511 107.100586 7.501588 649.866288 3200.000000
1 2212 0 0 0 0 -0.309086 -0.414717 0.273167 1.105436 0.938000 105.624269 5.520736 643.850246 3200.000000
38 4
1 11 0 0 0 0 0.003277 0.014631 0.046864 0.049207 0.000511 115.970097 9.091741 503.532681 3200.000000
1 -11 0 0 0 0 0.094943 0.033233 0.166635 0.194644 0.000511 115.970097 9.091741 503.532681 3200.000000
2 14 0 0 0 0 0.193143 0.122059 0.261721 0.347419 0.000511 115.970097 9.091741 503.532681 3200.000000
1 2212 0 0 0 0 -0.291363 -0.169923 0.193448 1.015398 0.938000 111.167198 6.290697 495.699046 3200.000000
39 4
1 11 0 0 0 0 -0.038569 -0.027535 0.050924 0.069565 0.000511 117.322716 -42.032742 630.245524 3200.000000
1 -11 0 0 0 0 -0.118387 -0.187647 0.206175 0.302878 0.000511 117.322716 -42.032742 630.245524 3200.000000
2 14 0 0 0 0 -0.135960 -0.285646 0.219631 0.385119 0.000511 117.322716 -42.032742 630.245524 3200.000000
1 2212 0 0 0 0 0.292917 0.500829 0.596960 1.254127 0.938000 123.370849 -31.691648 620.402035 3200.000000
40 4
1 11 0 0 0 0 -0.134575 -0.071063 0.006457 0.152323 0.000511 148.111088 -0.507954 636.008094 3200.000000
1 -11 0 0 0 0 -0.026225 0.009270 -0.001676 0.027870 0.000511 148.111088 -0.507954 636.008094 3200.000000
2 14 0 0 0 0 -0.156239 -0.008492 0.048000 0.163666 0.000511 148.111088 -0.507954 636.008094 3200.000000
1 2212 0 0 0 0 0.317039 0.070285 0.438067 1.084988 0.938000 164.743288 3.179280 633.239127 3200.000000
41 4
1 11 0 0 0 0 0.182080 0.188795 0.036879 0.264871 0.000511 166.128704 -2.359420 428.441744 3200.000000
1 -11 0 0 0 0 0.023246 0.042855 -0.002316 0.048811 0.000511 166.128704 -2.359420 428.441744 3200.000000
2 14 0 0 0 0 0.018127 0.092897 0.015564 0.095920 0.000511 166.128704 -2.359420 428.441744 3200.000000
1 2212 0 0 0 0 -0.223453 -0.324547 0.605347 1.183871 0.938000 165.359206 -3.477054 428.269123 3200.000000
42 4
1 11 0 0 0 0 0.001355 0.001352 -0.000223 0.001994 0.000511 22.752656 -83.127649 673.890232 3200.000000
1 -11 0 0 0 0 -0.025941 -0.002950 0.059358 0.064848 0.000511 22.752656 -83.127649 673.890232 3200.000000
2 14 0 0 0 0 -0.169102 -0.160497 0.954554 0.982613 0.000511 22.752656 -83.127649 673.890232 3200.000000
1 2212 0 0 0 0 0.193687 0.162095 0.071825 0.974060 0.938000 63.889304 -48.700759 458.595472 3200.000000
43 4
1 11 0 0 0 0 -0.013704 0.003359 0.003385 0.014519 0.000511 54.624400 -37.840137 442.510988 3200.000000
1 -11 0 0 0 0 -0.217142 0.033938 -0.010868 0.220047 0.000511 54.624400 -37.840137 442.510988 3200.000000
2 14 0 0 0 0 -0.077779 -0.044397 -0.013969 0.090641 0.000511 54.624400 -37.840137 442.510988 3200.000000
1 2212 0 0 0 0 0.308625 0.007100 0.528851 1.120191 0.938000 67.512315 -37.543629 443.406832 3200.000000
44 4
1 11 0 0 0 0 -0.051239 0.031817 0.374848 0.379669 0.000511 134.394587 30.674305 247.305017 3200.000000
1 -11 0 0 0 0 -0.030660 0.023936 0.098290 0.105708 0.000511 134.394587 30.674305 247.305017 3200.000000
2 14 0 0 0 0 -0.013566 -0.004698 0.005396 0.015337 0.000511 134.394587 30.674305 247.305017 3200.000000
1 1000180400 0 0 0 0 0.095465 -0.051054 0.022724 11.262543 11.262000 138.866068 28.282992 224.891060 3200.000000
45 4
1 11 0 0 0 0 -0.012075 0.148115 0.231742 0.275297 0.000511 96.871014 46.377296 704.235459 3200.000000
1 -11 0 0 0 0 -0.017849 0.085983 0.114979 0.144680 0.000511 96.871014 46.377296 704.235459 3200.000000
2 14 0 0 0 0 0.043680 0.144114 0.308012 0.342853 0.000511 96.871014 46.377296 704.235459 3200.000000
1 2212 0 0 0 0 -0.013756 -0.378212 0.201432 1.031335 0.938000 96.472682 35.425440 685.276446 3200.000000
46 4
1 11 0 0 0 0 0.054930 0.041204 0.028021 0.074165 0.000511 121.421066 14.723736 689.681697 3200.000000
1 -11 0 0 0 0 -0.008345 -0.002144 0.019551 0.021371 0.000511 121.421066 14.723736 689.681697 3200.000000
2 14 0 0 0 0 -0.027302 0.014970 0.006534 0.031815 0.000511 121.421066 14.723736 689.681697 3200.000000
1 1000180400 0 0 0 0 -0.019283 -0.054030 0.073633 11.262387 11.262000 121.051333 13.687743 688.644247 3200.000000
47 4
1 11 0 0 0 0 -0.002418 0.010255 0.149598 0.149969 0.000511 133.489060 -5.620885 606.331896 3200.000000
1 -11 0 0 0 0 -0.036818 -0.009738 0.123257 0.129007 0.000511 133.489060 -5.620885 606.331896 3200.000000
2 14 0 0 0 0 -0.121447 0.073623 0.446345 0.468394 0.000511 133.489060 -5.620885 606.331896 3200.000000
1 1000180400 0 0 0 0 0.160683 -0.074140 0.029601 11.263429 11.262000 136.612319 -7.061984 592.352512 3200.000000
48 4
1 11 0 0 0 0 0.006301 -0.024302 0.103678 0.106676 0.000511 134.602146 28.509657 343.285951 3200.000000
1 -11 0 0 0 0 -0.014761 -0.000258 0.573333 0.573524 0.000511 134.602146 28.509657 343.285951 3200.000000
2 14 0 0 0 0 -0.051982 0.006485 0.501719 0.504446 0.000511 134.602146 28.509657 343.285951 3200.000000
1 1000180400 0 0 0 0 0.060443 0.018076 0.006094 11.262178 11.262000 134.759684 28.556769 340.213698 3200.000000
49 4
1 11 0 0 0 0 0.068044 0.221109 0.024891 0.232678 0.000511 179.761781 33.416105 403.017830 3200.000000
1 -11 0 0 0 0 0.047815 0.055726 0.011871 0.074383 0.000511 179.761781 33.416105 403.017830 3200.000000
2 14 0 0 0 0 0.071995 0.224991 0.088262 0.252179 0.000511 179.761781 33.416105 403.017830 3200.000000
1 2212 0 0 0 0 -0.187853 -0.501827 0.906306 1.410090 0.938000 146.072345 -56.580982 380.596129 3200.000000
50 4
1 11 0 0 0 0 -0.048545 0.006559 0.859446 0.860841 0.000511 92.288748 3.834262 731.206314 3200.000000
1 -11 0 0 0 0 -0.056191 -0.000615 0.426590 0.430276 0.000511 92.288748 3.834262 731.206314 3200.000000
2 14 0 0 0 0 0.002130 0.033588 0.464537 0.465754 0.000511 92.288748 3.834262 731.206314 3200.000000
1 1000180400 0 0 0 0 0.102607 -0.039532 0.006837 11.262539 11.262000 93.502380 3.366675 710.500566 3200.000000
51 4
1 11 0 0 0 0 -0.022360 -0.074023 0.388719 0.396336 0.000511 131.668120 -7.381239 474.365224 3200.000000
1 -11 0 0 0 0 -0.016378 -0.013482 0.050120 0.054427 0.000511 131.668120 -7.381239 474.365224 3200.000000
2 14 0 0 0 0 -0.134590 -0.076772 0.790693 0.805732 0.000511 131.668120 -7.381239 474.365224 3200.000000
1 1000180400 0 0 0 0 0.173329 0.164277 0.029533 11.264570 11.262000 132.912544 -6.201800 465.537722 3200.000000
52 4
1 11 0 0 0 0 0.029310 -0.028898 0.105868 0.113589 0.000511 102.796997 -60.317328 650.349297 3200.000000
1 -11 0 0 0 0 0.044108 -0.043762 0.249490 0.257111 0.000511 102.796997 -60.317328 650.349297 3200.000000
2 14 0 0 0 0 0.085552 0.010957 0.170202 0.190808 0.000511 102.796997 -60.317328 650.349297 3200.000000
1 1000180400 0 0 0 0 -0.158969 0.061703 0.037301 11.263353 11.262000 101.404650 -59.776895 645.746140 3200.000000
53 4
1 11 0 0 0 0 0.126283 0.014473 0.130987 0.182523 0.000511 141.432276 1.811691 340.000218 3200.000000
1 -11 0 0 0 0 0.083477 0.030706 0.113941 0.144548 0.000511 141.432276 1.811691 340.000218 3200.000000
2 14 0 0 0 0 -0.002001 0.003653 0.051342 0.051511 0.000511 141.432276 1.811691 340.000218 3200.000000
1 2212 0 0 0 0 -0.207759 -0.048832 0.112886 0.968574 0.938000 122.494155 -2.639539 312.993968 3200.000000
54 4
1 11 0 0 0 0 0.002190 -0.016649 0.134727 0.135770 0.000511 147.677970 35.634482 276.844617 3200.000000
1 -11 0 0 0 0 0.024895 0.060458 0.403000 0.408270 0.000511 147.677970 35.634482 276.844617 3200.000000
2 14 0 0 0 0 0.018080 0.006545 0.025257 0.031743 0.000511 147.677970 35.634482 276.844617 3200.000000
1 1000180400 0 0 0 0 -0.045164 -0.050353 0.013010 11.262211 11.262000 144.352710 31.927194 235.394525 3200.000000
55 4
1 11 0 0 0 0 0.016828 0.031133 0.066575 0.075398 0.000511 62.236634 -53.789969 456.806820 3200.000000
1 -11 0 0 0 0 0.079599 0.051397 0.124888 0.156763 0.000511 62.236634 -53.789969 456.806820 3200.000000
2 14 0 0 0 0 0.031919 0.017676 0.201744 0.205017 0.000511 62.236634 -53.789969 456.806820 3200.000000
1 2212 0 0 0 0 -0.128346 -0.100206 0.059882 0.953910 0.938000 59.307539 -56.076859 447.833098 3200.000000
56 4
1 11 0 0 0 0 0.019666 0.012535 0.202473 0.203812 0.000511 118.730014 24.658880 609.010160 3200.000000
1 -11 0 0 0 0 0.027067 0.039861 0.332982 0.336451 0.000511 118.730014 24.658880 609.010160 3200.000000
2 14 0 0 0 0 -0.028216 0.048977 0.155466 0.165423 0.000511 118.730014 24.658880 609.010160 3200.000000
1 1000180400 0 0 0 0 -0.018517 -0.101374 0.015246 11.262482 11.262000 117.620908 18.586829 567.625593 3200.000000
57 4
1 11 0 0 0 0 -0.031268 0.085538 -0.064097 0.111370 0.000511 93.118420 -39.839408 483.312678 3200.000000
1 -11 0 0 0 0 -0.006612 0.008979 -0.001229 0.011231 0.000511 93.118420 -39.839408 483.312678 3200.000000
2 14 0 0 0 0 0.022537 0.243967 -0.059935 0.252230 0.000511 93.118420 -39.839408 483.312678 3200.000000
1 2212 0 0 0 0 0.015343 -0.338485 0.916733 1.354641 0.938000 93.634894 -51.233636 487.529297 3200.000000
58 4
1 11 0 0 0 0 0.050209 0.204082 0.010824 0.210447 0.000511 98.327688 18.309287 390.131954 3200.000000
1 -11 0 0 0 0 0.027343 0.101146 0.036562 0.110974 0.000511 98.327688 18.309287 390.131954 3200.000000
2 14 0 0 0 0 -0.005477 0.031464 -0.020797 0.038111 0.000511 98.327688 18.309287 390.131954 3200.000000
1 2212 0 0 0 0 -0.072075 -0.336691 0.522517 1.127574 0.938000 96.656451 10.502311 389.515420 3200.000000
59 4
1 11 0 0 0 0 -0.290164 0.069120 0.345295 0.456291 0.000511 83.498707 -38.088295 421.252725 3200.000000
1 -11 0 0 0 0 -0.305955 0.026455 0.417417 0.518213 0.000511 83.498707 -38.088295 421.252725 3200.000000
2 14 0 0 0 0 -0.101964 0.048858 0.154549 0.191492 0.000511 83.498707 -38.088295 421.252725 3200.000000
1 2212 0 0 0 0 0.698083 -0.144432 0.662255 1.351520 0.938000 91.745316 -39.794501 410.416907 3200.000000
60 4
1 11 0 0 0 0 -0.024245 -0.030866 0.108081 0.114988 0.000511 79.452427 19.404651 455.203963 3200.000000
1 -11 0 0 0 0 -0.007653 -0.007925 0.029626 0.031613 0.000511 79.452427 19.404651 455.203963 3200.000000
2 14 0 0 0 0 -0.076511 0.044862 0.515819 0.523389 0.000511 79.452427 19.404651 455.203963 3200.000000
1 2212 0 0 0 0 0.108409 -0.006071 0.023007 0.944544 0.938000 80.248973 19.360043 450.402105 3200.000000
61 4
1 11 0 0 0 0 -0.048357 0.057436 0.239054 0.250568 0.000511 151.361345 -20.200143 758.663506 3200.000000
1 -11 0 0 0 0 0.006845 0.048609 0.187464 0.193785 0.000511 151.361345 -20.200143 758.663506 3200.000000
2 14 0 0 0 0 -0.102045 0.304653 0.985453 1.036506 0.000511 151.361345 -20.200143 758.663506 3200.000000
1 2212 0 0 0 0 0.143557 -0.410699 0.180512 1.049624 0.938000 159.382322 -43.147217 679.772094 3200.000000
62 4
1 11 0 0 0 0 -0.018971 -0.050955 0.139327 0.149561 0.000511 91.762287 -31.876789 605.476868 3200.000000
1 -11 0 0 0 0 -0.023294 -0.039986 0.095475 0.106100 0.000511 91.762287 -31.876789 605.476868 3200.000000
2 14 0 0 0 0 -0.073819 -0.108588 0.110801 0.171806 0.000511 91.762287 -31.876789 605.476868 3200.000000
1 2212 0 0 0 0 0.116085 0.199528 0.116899 0.973035 0.938000 97.185582 -22.555127 589.330825 3200.000000
63 4
1 11 0 0 0 0 -0.015578 0.016266 0.168511 0.170011 0.000511 160.295044 -17.175951 446.768197 3200.000000
1 -11 0 0 0 0 0.024022 0.003159 0.237580 0.238813 0.000511 160.295044 -17.175951 446.768197 3200.000000
2 14 0 0 0 0 0.036806 -0.057214 0.455090 0.460147 0.000511 160.295044 -17.175951 446.768197 3200.000000
1 1000180400 0 0 0 0 -0.045250 0.037789 0.007946 11.262157 11.262000 159.946949 -16.885254 440.143349 3200.000000
64 4
1 11 0 0 0 0 0.001270 0.000258 0.017119 0.017176 0.000511 163.104249 32.458879 626.664705 3200.000000
1 -11 0 0 0 0 -0.030175 -0.014747 -0.013681 0.036269 0.000511 163.104249 32.458879 626.664705 3200.000000
2 14 0 0 0 0 -0.161527 -0.015754 0.057035 0.172024 0.000511 163.104249 32.458879 626.664705 3200.000000
1 2212 0 0 0 0 0.190432 0.030243 0.206653 0.979657 0.938000 168.497248 33.315350 624.952122 3200.000000
65 4
1 11 0 0 0 0 0.004410 0.139174 0.085682 0.163495 0.000511 157.926835 20.113206 617.346815 3200.000000
1 -11 0 0 0 0 0.010488 0.047920 0.021439 0.053537 0.000511 157.926835 20.113206 617.346815 3200.000000
2 14 0 0 0 0 -0.060207 0.150968 0.155181 0.224716 0.000511 157.926835 20.113206 617.346815 3200.000000
1 2212 0 0 0 0 0.045308 -0.338061 0.277354 1.035909 0.938000 159.101219 11.350724 610.548003 3200.000000
66 4
1 11 0 0 0 0 0.047468 0.031816 0.775719 0.777821 0.000511 90.264552 28.547744 458.410884 3200.000000
1 -11 0 0 0 0 0.037133 0.037394 0.440052 0.443196 0.000511 90.264552 28.547744 458.410884 3200.000000
2 14 0 0 0 0 0.017580 0.019766 0.056929 0.062774 0.000511 90.264552 28.547744 458.410884 3200.000000
1 2212 0 0 0 0 -0.102181 -0.088976 0.021061 0.947969 0.938000 80.498802 20.044044 336.775077 3200.000000
67 4
1 11 0 0 0 0 -0.081845 0.349651 0.170092 0.397349 0.000511 111.459752 9.579732 598.729962 3200.000000
1 -11 0 0 0 0 -0.005785 0.018458 0.035443 0.040381 0.000511 111.459752 9.579732 598.729962 3200.000000
2 14 0 0 0 0 -0.061105 0.180678 0.092719 0.212073 0.000511 111.459752 9.579732 598.729962 3200.000000
1 2212 0 0 0 0 0.148735 -0.548787 0.732550 1.319000 0.938000 111.712143 8.648487 598.223850 3200.000000
68 4
1 11 0 0 0 0 0.014765 -0.010535 0.052539 0.055584 0.000511 106.605755 -66.308032 753.272044 3200.000000
1 -11 0 0 0 0 -0.011667 -0.037775 0.197001 0.200930 0.000511 106.605755 -66.308032 753.272044 3200.000000
2 14 0 0 0 0 -0.073666 -0.062047 0.822303 0.827924 0.000511 106.605755 -66.308032 753.272044 3200.000000
1 1000180400 0 0 0 0 0.070568 0.110357 0.013365 11.262770 11.262000 110.219268 -60.657126 698.387373 3200.000000
69 4
1 11 0 0 0 0 -0.026979 0.075781 0.166756 0.185145 0.000511 143.299661 5.331066 519.848017 3200.000000
1 -11 0 0 0 0 -0.009741 0.034334 0.323549 0.325512 0.000511 143.299661 5.331066 519.848017 3200.000000
2 14 0 0 0 0 -0.009331 0.011679 0.017428 0.022961 0.000511 143.299661 5.331066 519.848017 3200.000000
1 1000180400 0 0 0 0 0.046050 -0.121794 0.026668 11.262784 11.262000 148.221368 -7.685883 465.583323 3200.000000
70 4
1 11 0 0 0 0 0.052524 0.013594 0.029845 0.061923 0.000511 99.722606 -2.216824 541.393284 3200.000000
1 -11 0 0 0 0 0.119129 0.022791 0.086177 0.148788 0.000511 99.722606 -2.216824 541.393284 3200.000000
2 14 0 0 0 0 0.178150 0.149882 0.159230 0.282057 0.000511 99.722606 -2.216824 541.393284 3200.000000
1 2212 0 0 0 0 -0.349803 -0.186268 0.359347 1.079829 0.938000 54.199042 -26.457845 505.571856 3200.000000
71 4
1 11 0 0 0 0 -0.013412 0.034620 0.156515 0.160859 0.000511 176.932218 -46.326979 303.057782 3200.000000
1 -11 0 0 0 0 0.042728 0.043559 0.168566 0.179270 0.000511 176.932218 -46.326979 303.057782 3200.000000
2 14 0 0 0 0 0.015386 0.099932 0.178686 0.205309 0.000511 176.932218 -46.326979 303.057782 3200.000000
1 1000180400 0 0 0 0 -0.044703 -0.178111 0.043252 11.263580 11.262000 176.230637 -49.122308 295.151508 3200.000000
72 4
1 11 0 0 0 0 -0.000284 -0.119023 0.349815 0.369510 0.000511 165.940004 -20.519655 560.208110 3200.000000
1 -11 0 0 0 0 -0.031512 -0.039425 0.168533 0.175929 0.000511 165.940004 -20.519655 560.208110 3200.000000
2 14 0 0 0 0 -0.033651 -0.007056 0.103796 0.109343 0.000511 165.940004 -20.519655 560.208110 3200.000000
1 1000180400 0 0 0 0 0.065447 0.165504 0.034095 11.263458 11.262000 174.766670 1.801339 476.301571 3200.000000
73 4
1 11 0 0 0 0 0.000189 -0.001642 0.002343 0.002912 0.000511 124.386512 20.160915 666.869284 3200.000000
1 -11 0 0 0 0 0.016886 -0.036014 0.788146 0.789150 0.000511 124.386512 20.160915 666.869284 3200.000000
2 14 0 0 0 0 -0.075759 -0.035776 0.822729 0.826984 0.000511 124.386512 20.160915 666.869284 3200.000000
1 1000180400 0 0 0 0 0.058684 0.073431 0.006221 11.262394 11.262000 128.883427 25.787918 543.249255 3200.000000
74 4
1 11 0 0 0 0 -0.007672 0.036110 0.068853 0.078126 0.000511 78.226959 18.813376 223.594840 3200.000000
1 -11 0 0 0 0 -0.002118 0.026607 -0.003753 0.026959 0.000511 78.226959 18.813376 223.594840 3200.000000
2 14 0 0 0 0 0.017650 -0.010855 0.059822 0.063309 0.000511 78.226959 18.813376 223.594840 3200.000000
1 1000180400 0 0 0 0 -0.007860 -0.051862 0.043680 11.262207 11.262000 78.213149 18.722254 223.375354 3200.000000
75 4
1 11 0 0 0 0 0.066859 0.007595 0.456242 0.461177 0.000511 85.278850 3.225283 264.497616 3200.000000
1 -11 0 0 0 0 0.009432 -0.023777 0.208481 0.210045 0.000511 85.278850 3.225283 264.497616 3200.000000
2 14 0 0 0 0 0.101232 -0.014059 0.373150 0.386893 0.000511 85.278850 3.225283 264.497616 3200.000000
1 1000180400 0 0 0 0 -0.177523 0.030240 0.021703 11.263461 11.262000 80.206790 4.089282 234.844251 3200.000000
76 4
1 11 0 0 0 0 -0.072559 0.001103 0.612925 0.617206 0.000511 149.152713 -62.918567 855.286405 3200.000000
1 -11 0 0 0 0 -0.051333 0.007114 0.300652 0.305086 0.000511 149.152713 -62.918567 855.286405 3200.000000
2 14 0 0 0 0 0.000510 0.009494 0.532970 0.533055 0.000511 149.152713 -62.918567 855.286405 3200.000000
1 1000180400 0 0 0 0 0.123382 -0.017711 0.009494 11.262694 11.262000 161.922405 -64.751658 705.572421 3200.000000
77 4
1 11 0 0 0 0 -0.219092 0.159368 0.557625 0.619956 0.000511 121.077568 -24.275412 302.107805 3200.000000
1 -11 0 0 0 0 -0.122508 0.133657 0.312941 0.361670 0.000511 121.077568 -24.275412 302.107805 3200.000000
2 14 0 0 0 0 0.001911 0.000670 0.026040 0.026119 0.000511 121.077568 -24.275412 302.107805 3200.000000
1 2212 0 0 0 0 0.339689 -0.293695 0.240541 1.067403 0.938000 142.183042 -42.523193 246.400097 3200.000000
78 4
1 11 0 0 0 0 0.261000 0.194849 0.204933 0.384818 0.000511 202.871896 73.519556 447.785157 3200.000000
1 -11 0 0 0 0 0.039895 0.021269 0.003374 0.045339 0.000511 202.871896 73.519556 447.785157 3200.000000
2 14 0 0 0 0 0.065240 0.090336 0.065307 0.129158 0.000511 202.871896 73.519556 447.785157 3200.000000
1 2212 0 0 0 0 -0.366135 -0.306455 0.523012 1.175311 0.938000 168.250016 44.541087 421.912124 3200.000000
79 4
1 11 0 0 0 0 -0.088480 0.028009 0.651611 0.658188 0.000511 149.988837 9.004769 658.712555 3200.000000
1 -11 0 0 0 0 -0.041824 0.024612 0.642699 0.644528 0.000511 149.988837 9.004769 658.712555 3200.000000
2 14 0 0 0 0 -0.382756 0.094284 3.006340 3.032074 0.000511 149.988837 9.004769 658.712555 3200.000000
1 2212 0 0 0 0 0.513060 -0.146905 0.192337 1.096198 0.938000 159.742776 6.211903 576.951558 3200.000000
80 4
1 11 0 0 0 0 0.048588 0.216809 0.042864 0.226284 0.000511 70.970242 -58.036005 381.275108 3200.000000
1 -11 0 0 0 0 -0.006988 0.151174 0.016934 0.152281 0.000511 70.970242 -58.036005 381.275108 3200.000000
2 14 0 0 0 0 0.051789 0.087003 0.012500 0.102019 0.000511 70.970242 -58.036005 381.275108 3200.000000
1 2212 0 0 0 0 -0.093389 -0.454986 0.769264 1.298979 0.938000 70.033136 -62.601555 380.549633 3200.000000
81 4
1 11 0 0 0 0 -0.025330 -0.030825 0.021670 0.045406 0.000511 81.818079 0.154829 665.881286 3200.000000
1 -11 0 0 0 0 -0.138159 -0.148218 0.031081 0.204994 0.000511 81.818079 0.154829 665.881286 3200.000000
2 14 0 0 0 0 -0.078320 -0.013288 0.006429 0.079699 0.000511 81.818079 0.154829 665.881286 3200.000000
1 2212 0 0 0 0 0.241809 0.192332 0.397485 1.064566 0.938000 104.224986 17.976952 660.397399 3200.000000
82 4
1 11 0 0 0 0 -0.009688 0.208748 0.831256 0.857121 0.000511 165.062824 -27.823695 737.289089 3200.000000
1 -11 0 0 0 0 0.012352 0.003616 0.056911 0.058350 0.000511 165.062824 -27.823695 737.289089 3200.000000
2 14 0 0 0 0 0.030862 0.060973 0.195401 0.207007 0.000511 165.062824 -27.823695 737.289089 3200.000000
1 2212 0 0 0 0 -0.033526 -0.273336 0.081926 0.981016 0.938000 163.775429 -38.319836 695.679942 3200.000000
83 4
1 11 0 0 0 0 -0.030944 -0.045070 0.225157 0.231700 0.000511 137.443217 -77.384014 680.963813 3200.000000
1 -11 0 0 0 0 -0.057061 -0.079365 0.223459 0.243903 0.000511 137.443217 -77.384014 680.963813 3200.000000
2 14 0 0 0 0 -0.024023 -0.160565 0.365795 0.400206 0.000511 137.443217 -77.384014 680.963813 3200.000000
1 2212 0 0 0 0 0.112027 0.285001 0.117036 0.993638 0.938000 148.625302 -48.936504 599.672818 3200.000000
84 4
1 11 0 0 0 0 -0.009912 0.063394 0.096663 0.116022 0.000511 104.817114 44.874115 336.244297 3200.000000
1 -11 0 0 0 0 -0.004207 0.062858 0.084183 0.105147 0.000511 104.817114 44.874115 336.244297 3200.000000
2 14 0 0 0 0 -0.029009 0.181302 0.532055 0.562845 0.000511 104.817114 44.874115 336.244297 3200.000000
1 2212 0 0 0 0 0.043129 -0.307554 0.129659 0.996547 0.938000 107.870450 23.100514 285.773776 3200.000000
85 4
1 11 0 0 0 0 0.018217 0.059530 0.000099 0.062257 0.000511 106.822165 17.296961 525.663380 3200.000000
1 -11 0 0 0 0 -0.036971 0.369576 0.092483 0.382762 0.000511 106.822165 17.296961 525.663380 3200.000000
2 14 0 0 0 0 0.008058 0.009075 0.010897 0.016311 0.000511 106.822165 17.296961 525.663380 3200.000000
1 2212 0 0 0 0 0.010696 -0.438181 0.633791 1.213941 0.938000 108.092404 -34.741337 513.374118 3200.000000
86 4
1 11 0 0 0 0 0.059128 0.037049 0.046301 0.083743 0.000511 179.667756 -8.111758 247.629718 3200.000000
1 -11 0 0 0 0 0.268941 0.078505 0.268094 0.387772 0.000511 179.667756 -8.111758 247.629718 3200.000000
2 14 0 0 0 0 0.099390 0.031487 0.040567 0.111873 0.000511 179.667756 -8.111758 247.629718 3200.000000
1 2212 0 0 0 0 -0.427460 -0.147042 0.409183 1.118757 0.938000 156.226507 -16.175307 228.164113 3200.000000
87 4
1 11 0 0 0 0 0.000202 -0.036338 0.340593 0.342527 0.000511 88.481542 -13.558171 742.394602 3200.000000
1 -11 0 0 0 0 -0.043042 -0.007589 0.115970 0.123934 0.000511 88.481542 -13.558171 742.394602 3200.000000
2 14 0 0 0 0 0.009459 -0.001372 0.187568 0.187811 0.000511 88.481542 -13.558171 742.394602 3200.000000
1 1000180400 0 0 0 0 0.033381 0.045299 0.010286 11.262145 11.262000 89.154550 -12.644884 729.408094 3200.000000
88 4
1 11 0 0 0 0 -0.175822 -0.130010 0.379392 0.437898 0.000511 48.162936 -70.058541 628.142053 3200.000000
1 -11 0 0 0 0 -0.191849 -0.113491 0.386440 0.446119 0.000511 48.162936 -70.058541 628.142053 3200.000000
2 14 0 0 0 0 -0.038472 -0.070356 0.111506 0.137345 0.000511 48.162936 -70.058541 628.142053 3200.000000
1 2212 0 0 0 0 0.406143 0.313857 0.322997 1.116973 0.938000 55.871513 -64.101543 611.490191 3200.000000
89 4
1 11 0 0 0 0 -0.091654 0.083702 0.111625 0.166934 0.000511 109.968730 35.805147 384.190844 3200.000000
1 -11 0 0 0 0 -0.043498 0.021306 0.045353 0.066356 0.000511 109.968730 35.805147 384.190844 3200.000000
2 14 0 0 0 0 -0.163897 0.237173 0.386368 0.482072 0.000511 109.968730 35.805147 384.190844 3200.000000
1 2212 0 0 0 0 0.299049 -0.342181 0.326137 1.092120 0.938000 114.884418 30.180464 375.259466 3200.000000
90 4
1 11 0 0 0 0 0.150828 -0.081971 0.613411 0.636979 0.000511 128.565655 38.623998 586.032568 3200.000000
1 -11 0 0 0 0 0.022483 -0.044229 0.174767 0.181674 0.000511 128.565655 38.623998 586.032568 3200.000000
2 14 0 0 0 0 0.068883 -0.040854 0.506750 0.513040 0.000511 128.565655 38.623998 586.032568 3200.000000
1 2212 0 0 0 0 -0.242194 0.167054 0.085539 0.986775 0.938000 125.238981 40.918579 568.245972 3200.000000
91 4
1 11 0 0 0 0 -0.006424 -0.004456 0.078334 0.078725 0.000511 130.519663 -12.541904 406.946345 3200.000000
1 -11 0 0 0 0 0.008224 0.019531 0.066461 0.069760 0.000511 130.519663 -12.541904 406.946345 3200.000000
2 14 0 0 0 0 0.135556 0.010558 0.965819 0.975343 0.000511 130.519663 -12.541904 406.946345 3200.000000
1 1000180400 0 0 0 0 -0.137357 -0.025633 0.014089 11.262876 11.262000 124.413337 -13.681429 357.572916 3200.000000
92 4
1 11 0 0 0 0 -0.096689 0.014219 0.086903 0.130780 0.000511 96.298304 37.475263 371.937438 3200.000000
1 -11 0 0 0 0 -0.076246 0.006682 0.065871 0.100982 0.000511 96.298304 37.475263 371.937438 3200.000000
2 14 0 0 0 0 -0.031382 0.045425 0.103241 0.117076 0.000511 96.298304 37.475263 371.937438 3200.000000
1 2212 0 0 0 0 0.204317 -0.066326 0.125219 0.970396 0.938000 98.569137 36.738094 369.092016 3200.000000
93 4
1 11 0 0 0 0 -0.065024 -0.013348 0.298180 0.305479 0.000511 160.808934 -16.036039 727.962030 3200.000000
1 -11 0 0 0 0 -0.004405 -0.003532 -0.000872 0.005736 0.000511 160.808934 -16.036039 727.962030 3200.000000
2 14 0 0 0 0 -0.054911 -0.069869 0.347485 0.358668 0.000511 160.808934 -16.036039 727.962030 3200.000000
1 1000180400 0 0 0 0 0.124340 0.086749 0.026141 11.263051 11.262000 166.879564 -11.800673 696.481311 3200.000000
94 4
1 11 0 0 0 0 0.021009 0.028234 0.097243 0.103417 0.000511 82.982062 -35.507104 364.436065 3200.000000
1 -11 0 0 0 0 0.013467 0.001280 0.068866 0.070184 0.000511 82.982062 -35.507104 364.436065 3200.000000
2 14 0 0 0 0 -0.012482 0.078854 0.795646 0.799641 0.000511 82.982062 -35.507104 364.436065 3200.000000
1 1000180400 0 0 0 0 -0.021995 -0.108368 0.012036 11.262549 11.262000 82.349826 -38.622153 336.790342 3200.000000
95 4
1 11 0 0 0 0 -0.013923 -0.049650 0.164850 0.172728 0.000511 173.899607 -20.216108 395.503176 3200.000000
1 -11 0 0 0 0 0.023951 -0.028860 0.078458 0.086962 0.000511 173.899607 -20.216108 395.503176 3200.000000
2 14 0 0 0 0 -0.034478 0.004303 0.064750 0.073483 0.000511 173.899607 -20.216108 395.503176 3200.000000
1 1000180400 0 0 0 0 0.024450 0.074208 0.025415 11.262300 11.262000 175.924932 -14.069094 369.985088 3200.000000
96 4
1 11 0 0 0 0 -0.098346 0.088311 0.725340 0.737285 0.000511 83.010349 -39.362781 568.722382 3200.000000
1 -11 0 0 0 0 -0.083232 0.058328 0.651286 0.659169 0.000511 83.010349 -39.362781 568.722382 3200.000000
2 14 0 0 0 0 -0.066069 0.045507 0.232147 0.245618 0.000511 83.010349 -39.362781 568.722382 3200.000000
1 2212 0 0 0 0 0.247647 -0.192146 0.088210 0.992912 0.938000 83.847024 -40.011946 563.287135 3200.000000
97 4
1 11 0 0 0 0 -0.016966 -0.020904 0.035080 0.044223 0.000511 162.152720 -27.517580 632.358251 3200.000000
1 -11 0 0 0 0 0.024844 -0.056807 0.326123 0.331965 0.000511 162.152720 -27.517580 632.358251 3200.000000
2 14 0 0 0 0 0.038422 -0.031443 0.197682 0.203821 0.000511 162.152720 -27.517580 632.358251 3200.000000
1 2212 0 0 0 0 -0.046301 0.109154 0.029034 0.945910 0.938000 159.405534 -21.041070 599.197604 3200.000000
98 4
1 11 0 0 0 0 0.061711 0.021541 0.127677 0.143436 0.000511 135.024380 0.054071 496.619159 3200.000000
1 -11 0 0 0 0 0.053666 0.017634 0.198284 0.206174 0.000511 135.024380 0.054071 496.619159 3200.000000
2 14 0 0 0 0 0.197288 0.159014 0.891296 0.926616 0.000511 135.024380 0.054071 496.619159 3200.000000
1 2212 0 0 0 0 -0.312665 -0.198189 0.138895 1.017926 0.938000 131.225961 -2.353629 481.831285 3200.000000
99 4
1 11 0 0 0 0 -0.049576 -0.001547 0.257256 0.261995 0.000511 111.783556 -39.758236 460.241692 3200.000000
1 -11 0 0 0 0 -0.010325 -0.002291 0.049230 0.050356 0.000511 111.783556 -39.758236 460.241692 3200.000000
2 14 0 0 0 0 -0.000126 -0.059212 0.769233 0.771508 0.000511 111.783556 -39.758236 460.241692 3200.000000
1 1000180400 0 0 0 0 0.060026 0.063051 0.008479 11.262340 11.262000 115.071916 -36.304204 401.311778 3200.000000
