0 4
1 11 0 0 0 0 0.005644 0.011492 0.041029 0.042984 0.000511 56.321006 -44.904473 595.061897 3200.000000
1 -11 0 0 0 0 -0.005248 -0.047594 0.288334 0.292283 0.000511 56.321006 -44.904473 595.061897 3200.000000
2 14 0 0 0 0 -0.051048 -0.005595 0.140895 0.149962 0.000511 56.321006 -44.904473 595.061897 3200.000000
1 1000180400 0 0 0 0 0.050652 0.041696 0.014982 195.208012 195.208000 61.697001 -40.479024 545.151117 3200.000000
1 4
1 11 0 0 0 0 -0.023576 0.009608 0.082312 0.086161 0.000511 73.418709 -40.784617 724.006094 3200.000000
1 -11 0 0 0 0 -0.024067 0.013622 0.282399 0.283750 0.000511 73.418709 -40.784617 724.006094 3200.000000
2 14 0 0 0 0 0.040828 0.035770 0.362960 0.366996 0.000511 73.418709 -40.784617 724.006094 3200.000000
1 1000180400 0 0 0 0 0.006815 -0.059000 0.009246 195.208009 195.208000 73.659004 -42.865028 698.347563 3200.000000
2 4
1 11 0 0 0 0 -0.041319 -0.015119 0.410363 0.412715 0.000511 71.203567 -9.067670 541.688853 3200.000000
1 -11 0 0 0 0 0.003697 -0.010681 0.007587 0.013622 0.000511 71.203567 -9.067670 541.688853 3200.000000
2 14 0 0 0 0 0.018181 0.006397 0.115881 0.117473 0.000511 71.203567 -9.067670 541.688853 3200.000000
1 1000180400 0 0 0 0 0.019441 0.019402 0.009982 195.208002 195.208000 71.819453 -8.453008 524.777326 3200.000000
3 4
1 11 0 0 0 0 0.037682 0.005072 0.236841 0.239875 0.000511 128.209349 34.409993 295.658099 3200.000000
1 -11 0 0 0 0 0.002846 -0.016123 0.350732 0.351114 0.000511 128.209349 34.409993 295.658099 3200.000000
2 14 0 0 0 0 -0.009424 -0.050507 0.238730 0.244196 0.000511 128.209349 34.409993 295.658099 3200.000000
1 1000180400 0 0 0 0 -0.031104 0.061557 0.008894 195.208012 195.208000 127.462681 35.887705 275.822293 3200.000000
4 4
1 11 0 0 0 0 0.029961 0.004779 0.063885 0.070725 0.000511 179.940013 -11.831800 348.328841 3200.000000
1 -11 0 0 0 0 -0.005475 0.043605 0.175890 0.181298 0.000511 179.940013 -11.831800 348.328841 3200.000000
2 14 0 0 0 0 0.020540 0.008702 0.342896 0.343620 0.000511 179.940013 -11.831800 348.328841 3200.000000
1 1000180400 0 0 0 0 -0.045026 -0.057087 0.012987 195.208014 195.208000 174.855550 -18.278262 282.531387 3200.000000
5 4
1 11 0 0 0 0 0.008569 0.001649 0.245035 0.245191 0.000511 134.176194 -23.545669 472.764170 3200.000000
1 -11 0 0 0 0 0.001247 -0.019043 0.275381 0.276042 0.000511 134.176194 -23.545669 472.764170 3200.000000
2 14 0 0 0 0 -0.056763 0.019858 0.253692 0.260722 0.000511 134.176194 -23.545669 472.764170 3200.000000
1 1000180400 0 0 0 0 0.046947 -0.002463 0.007853 195.208006 195.208000 137.339204 -23.711635 420.609495 3200.000000
6 4
1 11 0 0 0 0 0.010589 -0.010260 0.273373 0.273771 0.000511 104.436115 18.227652 513.748105 3200.000000
1 -11 0 0 0 0 -0.002856 -0.005494 0.030754 0.031375 0.000511 104.436115 18.227652 513.748105 3200.000000
2 14 0 0 0 0 -0.050691 0.065636 0.336233 0.346309 0.000511 104.436115 18.227652 513.748105 3200.000000
1 1000180400 0 0 0 0 0.042959 -0.049882 0.011107 195.208011 195.208000 112.070254 9.363100 399.950496 3200.000000
7 4
1 11 0 0 0 0 0.002380 -0.036191 0.531369 0.532606 0.000511 121.428211 -50.341206 660.646369 3200.000000
1 -11 0 0 0 0 0.040110 -0.029995 0.329869 0.333650 0.000511 121.428211 -50.341206 660.646369 3200.000000
2 14 0 0 0 0 0.021408 -0.029468 0.089578 0.096700 0.000511 121.428211 -50.341206 660.646369 3200.000000
1 1000180400 0 0 0 0 -0.063898 0.095655 0.012586 15.016446 15.016000 118.727798 -46.298703 620.463531 3200.000000
8 4
1 11 0 0 0 0 0.014477 -0.018551 0.075216 0.078813 0.000511 101.444935 -16.421398 683.470311 3200.000000
1 -11 0 0 0 0 -0.002972 0.006703 0.345478 0.345556 0.000511 101.444935 -16.421398 683.470311 3200.000000
2 14 0 0 0 0 0.012156 0.050993 0.273097 0.278083 0.000511 101.444935 -16.421398 683.470311 3200.000000
1 1000180400 0 0 0 0 -0.023660 -0.039145 0.008666 195.208006 195.208000 101.196894 -16.831777 676.196975 3200.000000
9 4
1 11 0 0 0 0 0.003274 -0.037675 0.061898 0.072538 0.000511 81.746607 -44.608055 424.380923 3200.000000
1 -11 0 0 0 0 0.026920 -0.031244 0.140860 0.146774 0.000511 81.746607 -44.608055 424.380923 3200.000000
2 14 0 0 0 0 0.004158 0.017717 0.183933 0.184831 0.000511 81.746607 -44.608055 424.380923 3200.000000
1 1000180400 0 0 0 0 -0.034352 0.051201 0.017463 195.208011 195.208000 80.870469 -43.302176 414.518459 3200.000000
10 4
1 11 0 0 0 0 0.013649 0.002174 0.039851 0.042183 0.000511 99.282561 15.473854 488.116434 3200.000000
1 -11 0 0 0 0 0.053621 0.002972 0.158090 0.166964 0.000511 99.282561 15.473854 488.116434 3200.000000
2 14 0 0 0 0 -0.009052 0.050581 0.343302 0.347126 0.000511 99.282561 15.473854 488.116434 3200.000000
1 1000180400 0 0 0 0 -0.058218 -0.055728 0.015047 195.208017 195.208000 93.906497 10.327799 438.136426 3200.000000
11 4
1 11 0 0 0 0 -0.017739 -0.008000 0.544468 0.544816 0.000511 111.814492 -36.398651 485.263142 3200.000000
1 -11 0 0 0 0 0.014119 0.012371 0.305397 0.305974 0.000511 111.814492 -36.398651 485.263142 3200.000000
2 14 0 0 0 0 0.018629 0.116156 2.641087 2.643705 0.000511 111.814492 -36.398651 485.263142 3200.000000
1 1000180400 0 0 0 0 -0.015008 -0.120527 0.003581 195.208038 195.208000 111.580354 -38.278939 430.802579 3200.000000
12 4
1 11 0 0 0 0 0.004930 0.015303 0.030964 0.034893 0.000511 174.807235 -42.989906 407.420863 3200.000000
1 -11 0 0 0 0 0.015093 0.018832 0.061950 0.066487 0.000511 174.807235 -42.989906 407.420863 3200.000000
2 14 0 0 0 0 -0.029048 0.004901 0.527166 0.527988 0.000511 174.807235 -42.989906 407.420863 3200.000000
1 1000180400 0 0 0 0 0.009025 -0.039036 0.009293 195.208004 195.208000 174.912943 -43.447133 400.157912 3200.000000
13 4
1 11 0 0 0 0 -0.001437 -0.001542 0.169440 0.169454 0.000511 69.610253 -55.492245 370.271660 3200.000000
1 -11 0 0 0 0 -0.018894 0.004260 0.173233 0.174313 0.000511 69.610253 -55.492245 370.271660 3200.000000
2 14 0 0 0 0 0.060728 0.055626 0.340031 0.349861 0.000511 69.610253 -55.492245 370.271660 3200.000000
1 1000180400 0 0 0 0 -0.040397 -0.058345 0.010974 52.556049 52.556000 68.687666 -56.824726 354.680161 3200.000000
14 4
1 11 0 0 0 0 0.011187 0.012614 0.096379 0.097844 0.000511 115.394908 -39.835812 660.123001 3200.000000
1 -11 0 0 0 0 0.010041 -0.065187 0.395895 0.401352 0.000511 115.394908 -39.835812 660.123001 3200.000000
2 14 0 0 0 0 -0.007959 -0.033352 0.063598 0.072252 0.000511 115.394908 -39.835812 660.123001 3200.000000
1 1000180400 0 0 0 0 -0.013268 0.085925 0.015596 195.208020 195.208000 115.071941 -37.744257 646.592162 3200.000000
15 4
1 11 0 0 0 0 0.008888 -0.019243 0.120645 0.122494 0.000511 146.729749 -6.578382 493.531705 3200.000000
1 -11 0 0 0 0 0.001653 -0.005056 0.000048 0.005344 0.000511 146.729749 -6.578382 493.531705 3200.000000
2 14 0 0 0 0 -0.045307 0.048041 0.223519 0.233069 0.000511 146.729749 -6.578382 493.531705 3200.000000
1 1000180400 0 0 0 0 0.034766 -0.023742 0.016701 195.208005 195.208000 153.745015 -11.369289 424.074318 3200.000000
16 4
1 11 0 0 0 0 -0.014387 -0.019531 0.419455 0.420156 0.000511 130.648605 -41.938558 607.448185 3200.000000
1 -11 0 0 0 0 -0.018658 0.000324 0.045634 0.049305 0.000511 130.648605 -41.938558 607.448185 3200.000000
2 14 0 0 0 0 0.037775 0.000521 0.307065 0.309380 0.000511 130.648605 -41.938558 607.448185 3200.000000
1 1000180400 0 0 0 0 -0.004731 0.018686 0.006688 195.208001 195.208000 130.394464 -40.934679 565.966232 3200.000000
17 4
1 11 0 0 0 0 0.009607 -0.028905 0.059275 0.066645 0.000511 147.015339 12.229229 361.843096 3200.000000
1 -11 0 0 0 0 -0.006725 -0.037338 0.149997 0.154722 0.000511 147.015339 12.229229 361.843096 3200.000000
2 14 0 0 0 0 -0.005433 0.002207 0.365605 0.365652 0.000511 147.015339 12.229229 361.843096 3200.000000
1 1000180400 0 0 0 0 0.002551 0.064035 0.012330 11.262189 11.262000 147.302986 19.449662 297.021434 3200.000000
18 4
1 11 0 0 0 0 0.011672 -0.031386 0.641736 0.642609 0.000511 56.219913 31.917347 404.422481 3200.000000
1 -11 0 0 0 0 -0.010638 0.018984 0.713987 0.714318 0.000511 56.219913 31.917347 404.422481 3200.000000
2 14 0 0 0 0 0.038392 -0.029972 2.704911 2.705350 0.000511 56.219913 31.917347 404.422481 3200.000000
1 1000180400 0 0 0 0 -0.039426 0.042374 0.001652 195.208009 195.208000 55.317419 32.887317 311.471678 3200.000000
19 4
1 11 0 0 0 0 0.033812 0.005028 0.255181 0.257461 0.000511 65.750233 -9.970260 480.382859 3200.000000
1 -11 0 0 0 0 0.012189 0.022881 0.119394 0.122177 0.000511 65.750233 -9.970260 480.382859 3200.000000
2 14 0 0 0 0 0.020533 -0.038930 0.087855 0.098263 0.000511 65.750233 -9.970260 480.382859 3200.000000
1 1000180400 0 0 0 0 -0.066535 0.011021 0.015517 52.556046 52.556000 63.902248 -9.664155 467.538957 3200.000000
20 4
1 11 0 0 0 0 0.020315 -0.014420 0.332281 0.333214 0.000511 158.041049 -58.318063 344.746504 3200.000000
1 -11 0 0 0 0 -0.010592 0.006502 0.409366 0.409555 0.000511 158.041049 -58.318063 344.746504 3200.000000
2 14 0 0 0 0 -0.036437 -0.005781 0.130800 0.135903 0.000511 158.041049 -58.318063 344.746504 3200.000000
1 1000180400 0 0 0 0 0.026715 0.013698 0.006228 195.208002 195.208000 159.129335 -57.760046 309.205646 3200.000000
21 4
1 11 0 0 0 0 -0.030278 0.003958 0.231204 0.233212 0.000511 84.149034 17.023700 272.963836 3200.000000
1 -11 0 0 0 0 0.002703 0.016217 0.031391 0.035440 0.000511 84.149034 17.023700 272.963836 3200.000000
2 14 0 0 0 0 0.027898 -0.034378 0.209433 0.214061 0.000511 84.149034 17.023700 272.963836 3200.000000
1 1000180400 0 0 0 0 -0.000322 0.014203 0.010686 195.208001 195.208000 84.131247 17.807712 246.906919 3200.000000
22 4
1 11 0 0 0 0 0.007491 0.020515 0.067434 0.070884 0.000511 137.528430 28.300102 287.348929 3200.000000
1 -11 0 0 0 0 -0.013545 0.015028 0.029921 0.036122 0.000511 137.528430 28.300102 287.348929 3200.000000
2 14 0 0 0 0 -0.008095 -0.009587 0.451019 0.451193 0.000511 137.528430 28.300102 287.348929 3200.000000
1 1000180400 0 0 0 0 0.014149 -0.025957 0.009829 195.208002 195.208000 137.714403 27.958925 280.141108 3200.000000
23 4
1 11 0 0 0 0 -0.037104 -0.016308 0.101491 0.109285 0.000511 131.513205 12.292441 572.539330 3200.000000
1 -11 0 0 0 0 -0.043793 0.028229 0.500292 0.502998 0.000511 131.513205 12.292441 572.539330 3200.000000
2 14 0 0 0 0 -0.005106 -0.012042 0.186455 0.186913 0.000511 131.513205 12.292441 572.539330 3200.000000
1 1000180400 0 0 0 0 0.086003 0.000120 0.010978 195.208019 195.208000 158.464530 12.330157 325.525389 3200.000000
24 4
1 11 0 0 0 0 -0.017173 -0.010954 -0.000504 0.020382 0.000511 165.656760 22.829358 679.989268 3200.000000
1 -11 0 0 0 0 -0.004382 -0.003610 -0.002338 0.006161 0.000511 165.656760 22.829358 679.989268 3200.000000
2 14 0 0 0 0 -0.162500 -0.057742 0.272483 0.322471 0.000511 165.656760 22.829358 679.989268 3200.000000
1 1000180400 0 0 0 0 0.184055 0.072307 0.079489 195.208116 195.208000 177.279703 27.395489 662.961613 3200.000000
25 4
1 11 0 0 0 0 0.029404 0.001616 0.071246 0.077094 0.000511 87.792155 -64.320521 292.963531 3200.000000
1 -11 0 0 0 0 0.042394 -0.027681 0.271916 0.276590 0.000511 87.792155 -64.320521 292.963531 3200.000000
2 14 0 0 0 0 -0.019309 0.017742 0.153631 0.155853 0.000511 87.792155 -64.320521 292.963531 3200.000000
1 1000180400 0 0 0 0 -0.052490 0.008324 0.012751 195.208008 195.208000 85.704182 -63.989423 273.201840 3200.000000
26 4
1 11 0 0 0 0 0.028353 -0.000646 0.129963 0.133023 0.000511 55.473563 13.716155 736.885198 3200.000000
1 -11 0 0 0 0 0.021708 -0.032802 0.175519 0.179873 0.000511 55.473563 13.716155 736.885198 3200.000000
2 14 0 0 0 0 -0.029442 0.019465 0.170642 0.174254 0.000511 55.473563 13.716155 736.885198 3200.000000
1 1000180400 0 0 0 0 -0.020619 0.013983 0.011027 195.208002 195.208000 54.941717 14.076836 724.603858 3200.000000
27 4
1 11 0 0 0 0 0.001725 -0.003656 0.000152 0.004077 0.000511 69.453946 -38.942217 715.221510 3200.000000
1 -11 0 0 0 0 -0.028196 0.007287 0.044126 0.052872 0.000511 69.453946 -38.942217 715.221510 3200.000000
2 14 0 0 0 0 0.004071 0.027161 0.366788 0.367815 0.000511 69.453946 -38.942217 715.221510 3200.000000
1 1000180400 0 0 0 0 0.022400 -0.030793 0.013703 195.208004 195.208000 70.829786 -40.833514 689.973746 3200.000000
28 4
1 11 0 0 0 0 -0.030326 -0.046426 0.267277 0.272969 0.000511 99.750597 1.566833 744.393967 3200.000000
1 -11 0 0 0 0 -0.001712 -0.006217 0.230141 0.230232 0.000511 99.750597 1.566833 744.393967 3200.000000
2 14 0 0 0 0 -0.053468 -0.077235 0.259858 0.276316 0.000511 99.750597 1.566833 744.393967 3200.000000
1 1000180400 0 0 0 0 0.085507 0.129878 0.022476 52.556235 52.556000 106.432332 11.715847 685.218173 3200.000000
29 4
1 11 0 0 0 0 -0.007279 0.001240 0.079154 0.079500 0.000511 112.913714 -15.662754 277.106565 3200.000000
1 -11 0 0 0 0 0.012994 0.008121 0.005682 0.016350 0.000511 112.913714 -15.662754 277.106565 3200.000000
2 14 0 0 0 0 0.013209 -0.052959 0.286021 0.291182 0.000511 112.913714 -15.662754 277.106565 3200.000000
1 1000180400 0 0 0 0 -0.018924 0.043598 0.016182 195.208006 195.208000 112.653306 -15.062828 272.003435 3200.000000
30 4
1 11 0 0 0 0 0.048405 -0.020480 0.178208 0.185798 0.000511 104.665746 -0.682612 758.174251 3200.000000
1 -11 0 0 0 0 -0.018281 0.004817 0.166562 0.167632 0.000511 104.665746 -0.682612 758.174251 3200.000000
2 14 0 0 0 0 0.016595 -0.011171 0.349398 0.349970 0.000511 104.665746 -0.682612 758.174251 3200.000000
1 1000180400 0 0 0 0 -0.046719 0.026834 0.009240 195.208008 195.208000 102.225319 0.719110 721.913265 3200.000000
31 4
1 11 0 0 0 0 0.013875 -0.021737 0.110371 0.113345 0.000511 168.736873 -33.255637 415.219614 3200.000000
1 -11 0 0 0 0 0.013879 0.028068 0.063189 0.070523 0.000511 168.736873 -33.255637 415.219614 3200.000000
2 14 0 0 0 0 0.003467 0.064094 0.249344 0.257474 0.000511 168.736873 -33.255637 415.219614 3200.000000
1 1000180400 0 0 0 0 -0.031220 -0.070425 0.018497 52.556060 52.556000 165.928206 -39.591280 377.174034 3200.000000
32 4
1 11 0 0 0 0 -0.004077 0.007120 0.005524 0.009904 0.000511 82.247382 -31.653247 301.404909 3200.000000
1 -11 0 0 0 0 -0.014290 -0.023118 0.160324 0.162612 0.000511 82.247382 -31.653247 301.404909 3200.000000
2 14 0 0 0 0 0.042342 0.000745 0.455962 0.457925 0.000511 82.247382 -31.653247 301.404909 3200.000000
1 1000180400 0 0 0 0 -0.023975 0.015253 0.008633 195.208002 195.208000 81.029855 -30.878643 269.827683 3200.000000
33 4
1 11 0 0 0 0 0.010278 0.004158 0.590140 0.590244 0.000511 147.833483 -39.539598 613.788893 3200.000000
1 -11 0 0 0 0 -0.001451 -0.008402 0.315076 0.315192 0.000511 147.833483 -39.539598 613.788893 3200.000000
2 14 0 0 0 0 0.019543 -0.038364 0.160151 0.165837 0.000511 147.833483 -39.539598 613.788893 3200.000000
1 1000180400 0 0 0 0 -0.028370 0.042607 0.005913 195.208007 195.208000 146.721098 -37.868954 572.015390 3200.000000
34 4
1 11 0 0 0 0 0.033995 0.029195 0.887966 0.889096 0.000511 59.473459 8.513433 517.050104 3200.000000
1 -11 0 0 0 0 0.022841 0.020392 0.160461 0.163357 0.000511 59.473459 8.513433 517.050104 3200.000000
2 14 0 0 0 0 0.000829 -0.003886 0.000749 0.004043 0.000511 59.473459 8.513433 517.050104 3200.000000
1 1000180400 0 0 0 0 -0.057666 -0.045701 0.007334 195.208014 195.208000 55.439501 5.316456 443.656037 3200.000000
35 4
1 11 0 0 0 0 0.011658 0.015224 0.032049 0.037351 0.000511 163.021108 -9.441803 644.845197 3200.000000
1 -11 0 0 0 0 -0.031031 0.014884 0.330717 0.332503 0.000511 163.021108 -9.441803 644.845197 3200.000000
2 14 0 0 0 0 0.029381 -0.008752 0.162028 0.164903 0.000511 163.021108 -9.441803 644.845197 3200.000000
1 1000180400 0 0 0 0 -0.010009 -0.021357 0.009965 195.208002 195.208000 162.631704 -10.272735 624.427143 3200.000000
36 4
1 11 0 0 0 0 0.033691 -0.036944 0.256967 0.261787 0.000511 55.653777 -44.444379 291.975147 3200.000000
1 -11 0 0 0 0 0.017543 -0.005167 0.205669 0.206482 0.000511 55.653777 -44.444379 291.975147 3200.000000
2 14 0 0 0 0 -0.010506 -0.124991 0.640925 0.653083 0.000511 55.653777 -44.444379 291.975147 3200.000000
1 1000180400 0 0 0 0 -0.040728 0.167102 0.019120 11.263329 11.262000 54.792108 -40.909064 268.627468 3200.000000
37 4
1 11 0 0 0 0 -0.033835 -0.010927 0.323351 0.325300 0.000511 57.295610 -63.308572 557.338892 3200.000000
1 -11 0 0 0 0 -0.036344 -0.002553 0.189767 0.193234 0.000511 57.295610 -63.308572 557.338892 3200.000000
2 14 0 0 0 0 0.011774 -0.005103 0.006946 0.014592 0.000511 57.295610 -63.308572 557.338892 3200.000000
1 1000180400 0 0 0 0 0.058404 0.018584 0.013072 195.208010 195.208000 57.880171 -63.122570 552.133611 3200.000000
38 4
1 11 0 0 0 0 -0.022442 0.020127 0.566035 0.566837 0.000511 80.957245 -27.928203 278.479478 3200.000000
1 -11 0 0 0 0 -0.016933 0.008796 0.170790 0.171854 0.000511 80.957245 -27.928203 278.479478 3200.000000
2 14 0 0 0 0 -0.018659 -0.038295 0.158779 0.164394 0.000511 80.957245 -27.928203 278.479478 3200.000000
1 1000180400 0 0 0 0 0.058034 0.009372 0.007490 195.208009 195.208000 82.152038 -27.735250 260.040987 3200.000000
39 4
1 11 0 0 0 0 -0.013924 0.032287 0.055941 0.066076 0.000511 94.909868 6.323865 617.206194 3200.000000
1 -11 0 0 0 0 0.004469 -0.002020 0.002168 0.005386 0.000511 94.909868 6.323865 617.206194 3200.000000
2 14 0 0 0 0 -0.081873 -0.001378 0.351858 0.361260 0.000511 94.909868 6.323865 617.206194 3200.000000
1 1000180400 0 0 0 0 0.091328 -0.028888 0.022780 195.208025 195.208000 94.933937 6.316252 617.098149 3200.000000
40 4
1 11 0 0 0 0 0.039276 -0.002432 0.310790 0.313272 0.000511 72.949016 -2.757927 338.607379 3200.000000
1 -11 0 0 0 0 0.000806 0.008170 0.082782 0.083190 0.000511 72.949016 -2.757927 338.607379 3200.000000
2 14 0 0 0 0 -0.004482 -0.027805 1.464572 1.464843 0.000511 72.949016 -2.757927 338.607379 3200.000000
1 1000180400 0 0 0 0 -0.035600 0.022067 0.003165 195.208005 195.208000 71.703201 -1.985688 273.582417 3200.000000
41 4
1 11 0 0 0 0 -0.004759 0.020819 0.117516 0.119442 0.000511 114.651403 1.183381 270.913680 3200.000000
1 -11 0 0 0 0 -0.023365 -0.028259 0.504557 0.505887 0.000511 114.651403 1.183381 270.913680 3200.000000
2 14 0 0 0 0 0.011526 -0.011670 0.024913 0.029828 0.000511 114.651403 1.183381 270.913680 3200.000000
1 1000180400 0 0 0 0 0.016597 0.019111 0.008173 195.208002 195.208000 114.795441 1.349230 265.298863 3200.000000
42 4
1 11 0 0 0 0 -0.009309 0.015616 0.144366 0.145507 0.000511 106.434750 -58.394575 515.070521 3200.000000
1 -11 0 0 0 0 -0.003565 0.004461 0.009717 0.011282 0.000511 106.434750 -58.394575 515.070521 3200.000000
2 14 0 0 0 0 0.095034 -0.034554 0.486965 0.497353 0.000511 106.434750 -58.394575 515.070521 3200.000000
1 1000180400 0 0 0 0 -0.082160 0.014477 0.013113 195.208018 195.208000 103.423620 -57.863983 491.576432 3200.000000
43 4
1 11 0 0 0 0 0.003066 0.056868 0.334873 0.339681 0.000511 142.557076 5.965067 298.888457 3200.000000
1 -11 0 0 0 0 0.003052 -0.000747 0.060271 0.060355 0.000511 142.557076 5.965067 298.888457 3200.000000
2 14 0 0 0 0 -0.012102 -0.007933 0.005075 0.015335 0.000511 142.557076 5.965067 298.888457 3200.000000
1 1000180400 0 0 0 0 0.005984 -0.048188 0.015159 195.208007 195.208000 142.669784 5.057502 291.350783 3200.000000
44 4
1 11 0 0 0 0 0.006384 -0.021476 0.476225 0.476752 0.000511 170.743860 42.847681 235.037697 3200.000000
1 -11 0 0 0 0 0.023104 0.018134 0.118952 0.122526 0.000511 170.743860 42.847681 235.037697 3200.000000
2 14 0 0 0 0 -0.027219 -0.007489 0.391286 0.392303 0.000511 170.743860 42.847681 235.037697 3200.000000
1 1000180400 0 0 0 0 -0.002269 0.010831 0.005118 195.208000 195.208000 170.740603 42.863222 233.622223 3200.000000
45 4
1 11 0 0 0 0 0.025653 0.015279 0.202452 0.204643 0.000511 86.498086 12.166969 617.754666 3200.000000
1 -11 0 0 0 0 -0.003194 -0.004451 0.093247 0.093409 0.000511 86.498086 12.166969 617.754666 3200.000000
2 14 0 0 0 0 -0.071665 -0.019304 0.520655 0.525919 0.000511 86.498086 12.166969 617.754666 3200.000000
1 1000180400 0 0 0 0 0.049206 0.008477 0.007623 195.208007 195.208000 87.030273 12.258651 608.925404 3200.000000
46 4
1 11 0 0 0 0 0.011616 0.041044 0.210517 0.214796 0.000511 123.125098 -22.386027 651.882350 3200.000000
1 -11 0 0 0 0 0.005100 0.019225 0.070467 0.073222 0.000511 123.125098 -22.386027 651.882350 3200.000000
2 14 0 0 0 0 0.054320 -0.021032 0.125053 0.137954 0.000511 123.125098 -22.386027 651.882350 3200.000000
1 1000180400 0 0 0 0 -0.071036 -0.039237 0.019952 195.208018 195.208000 122.838571 -22.544290 650.244589 3200.000000
47 4
1 11 0 0 0 0 0.008897 0.002767 0.148228 0.148521 0.000511 85.388579 -13.112954 320.816405 3200.000000
1 -11 0 0 0 0 -0.017583 0.015351 0.027660 0.036197 0.000511 85.388579 -13.112954 320.816405 3200.000000
2 14 0 0 0 0 0.047971 -0.012001 0.224365 0.229750 0.000511 85.388579 -13.112954 320.816405 3200.000000
1 1000180400 0 0 0 0 -0.039285 -0.006118 0.014219 195.208005 195.208000 84.974948 -13.177365 316.602166 3200.000000
48 4
1 11 0 0 0 0 -0.054999 -0.054203 0.375821 0.383673 0.000511 120.625443 30.013994 755.603489 3200.000000
1 -11 0 0 0 0 -0.000430 -0.005873 0.097356 0.097535 0.000511 120.625443 30.013994 755.603489 3200.000000
2 14 0 0 0 0 0.022772 -0.001496 0.373721 0.374417 0.000511 120.625443 30.013994 755.603489 3200.000000
1 1000180400 0 0 0 0 0.032658 0.061572 0.008739 195.208013 195.208000 123.169325 34.810141 689.634495 3200.000000
49 4
1 11 0 0 0 0 -0.004028 0.036591 0.038224 0.053070 0.000511 107.505371 21.280873 683.519244 3200.000000
1 -11 0 0 0 0 -0.011366 -0.005608 0.032610 0.034990 0.000511 107.505371 21.280873 683.519244 3200.000000
2 14 0 0 0 0 0.026658 -0.031003 0.135006 0.141062 0.000511 107.505371 21.280873 683.519244 3200.000000
1 1000180400 0 0 0 0 -0.011263 0.000020 0.023284 195.208002 195.208000 104.876390 21.285545 635.474589 3200.000000
50 4
1 11 0 0 0 0 -0.038609 -0.013464 0.176530 0.181205 0.000511 58.469155 -40.201692 626.866001 3200.000000
1 -11 0 0 0 0 -0.011534 0.017049 0.082300 0.084836 0.000511 58.469155 -40.201692 626.866001 3200.000000
2 14 0 0 0 0 0.019206 0.000174 0.457835 0.458238 0.000511 58.469155 -40.201692 626.866001 3200.000000
1 1000180400 0 0 0 0 0.030937 -0.003759 0.007617 195.208003 195.208000 59.774845 -40.360350 596.619285 3200.000000
51 4
1 11 0 0 0 0 0.024166 -0.038901 0.140146 0.147439 0.000511 135.503706 -2.189195 762.247350 3200.000000
1 -11 0 0 0 0 0.001070 -0.001169 0.001817 0.002465 0.000511 135.503706 -2.189195 762.247350 3200.000000
2 14 0 0 0 0 -0.050159 0.003664 0.385315 0.388583 0.000511 135.503706 -2.189195 762.247350 3200.000000
1 1000180400 0 0 0 0 0.024924 0.036407 0.011215 195.208005 195.208000 138.063683 1.550223 708.089673 3200.000000
52 4
1 11 0 0 0 0 -0.005025 -0.010113 0.315930 0.316132 0.000511 69.613066 8.037068 689.383511 3200.000000
1 -11 0 0 0 0 -0.011556 0.013105 0.106983 0.108402 0.000511 69.613066 8.037068 689.383511 3200.000000
2 14 0 0 0 0 -0.052542 -0.049793 0.225477 0.236812 0.000511 69.613066 8.037068 689.383511 3200.000000
1 1000180400 0 0 0 0 0.069123 0.046800 0.012974 195.208018 195.208000 72.337921 9.881963 663.823622 3200.000000
53 4
1 11 0 0 0 0 0.010224 -0.006495 0.033784 0.035894 0.000511 97.963775 -41.026415 634.042565 3200.000000
1 -11 0 0 0 0 -0.035499 0.026663 0.441934 0.444158 0.000511 97.963775 -41.026415 634.042565 3200.000000
2 14 0 0 0 0 0.038520 0.023084 0.273469 0.277132 0.000511 97.963775 -41.026415 634.042565 3200.000000
1 1000180400 0 0 0 0 -0.013245 -0.043252 0.008002 195.208005 195.208000 97.537358 -42.418920 609.922172 3200.000000
54 4
1 11 0 0 0 0 0.015253 0.001135 0.330736 0.331090 0.000511 117.723605 2.592375 423.951894 3200.000000
1 -11 0 0 0 0 0.009358 -0.006499 0.306916 0.307128 0.000511 117.723605 2.592375 423.951894 3200.000000
2 14 0 0 0 0 0.024821 0.009385 0.036577 0.045189 0.000511 117.723605 2.592375 423.951894 3200.000000
1 1000180400 0 0 0 0 -0.049432 -0.004021 0.009202 52.556024 52.556000 110.346323 1.992290 323.328546 3200.000000
55 4
1 11 0 0 0 0 -0.052432 -0.059907 0.374428 0.382798 0.000511 69.375145 38.238053 721.305356 3200.000000
1 -11 0 0 0 0 -0.009816 -0.005517 0.039315 0.040899 0.000511 69.375145 38.238053 721.305356 3200.000000
2 14 0 0 0 0 -0.011134 0.026139 0.340698 0.341881 0.000511 69.375145 38.238053 721.305356 3200.000000
1 1000180400 0 0 0 0 0.073381 0.039286 0.011204 52.556067 52.556000 71.571652 39.413994 698.722880 3200.000000
56 4
1 11 0 0 0 0 -0.042311 0.023120 0.373073 0.376176 0.000511 98.193600 -57.402048 603.011626 3200.000000
1 -11 0 0 0 0 -0.004299 -0.007636 0.057667 0.058331 0.000511 98.193600 -57.402048 603.011626 3200.000000
2 14 0 0 0 0 0.044394 0.020392 0.315118 0.318883 0.000511 98.193600 -57.402048 603.011626 3200.000000
1 1000180400 0 0 0 0 0.002215 -0.035876 0.007535 195.208003 195.208000 98.718734 -65.906523 426.202467 3200.000000
57 4
1 11 0 0 0 0 -0.048195 0.054245 0.386797 0.393544 0.000511 132.719604 -28.708647 393.423468 3200.000000
1 -11 0 0 0 0 -0.006685 0.010235 0.072065 0.073096 0.000511 132.719604 -28.708647 393.423468 3200.000000
2 14 0 0 0 0 0.001618 0.012310 0.000229 0.012418 0.000511 132.719604 -28.708647 393.423468 3200.000000
1 1000180400 0 0 0 0 0.053261 -0.076790 0.019992 195.208023 195.208000 133.816888 -30.290667 383.965331 3200.000000
58 4
1 11 0 0 0 0 0.014143 -0.004875 0.034701 0.037792 0.000511 122.427548 44.161260 291.579145 3200.000000
1 -11 0 0 0 0 -0.025403 -0.007703 0.136911 0.139461 0.000511 122.427548 44.161260 291.579145 3200.000000
2 14 0 0 0 0 -0.003968 0.059308 0.100103 0.116421 0.000511 122.427548 44.161260 291.579145 3200.000000
1 1000180400 0 0 0 0 0.015228 -0.046730 0.021967 195.208007 195.208000 123.567183 40.664173 271.244955 3200.000000
59 4
1 11 0 0 0 0 -0.005072 0.021192 0.002443 0.021933 0.000511 113.912251 34.820789 603.532998 3200.000000
1 -11 0 0 0 0 -0.016292 0.002910 0.013588 0.021420 0.000511 113.912251 34.820789 603.532998 3200.000000
2 14 0 0 0 0 -0.011005 -0.031302 0.147440 0.151128 0.000511 113.912251 34.820789 603.532998 3200.000000
1 1000180400 0 0 0 0 0.032369 0.007201 0.031014 195.208005 195.208000 115.220188 35.111753 596.927634 3200.000000
60 4
1 11 0 0 0 0 -0.022838 -0.014980 0.107506 0.110923 0.000511 118.149639 29.123360 660.472635 3200.000000
1 -11 0 0 0 0 0.007905 -0.013938 0.148726 0.149588 0.000511 118.149639 29.123360 660.472635 3200.000000
2 14 0 0 0 0 0.045070 0.025530 0.558281 0.560678 0.000511 118.149639 29.123360 660.472635 3200.000000
1 1000180400 0 0 0 0 -0.030137 0.003388 0.006678 195.208002 195.208000 117.816583 29.160807 651.471018 3200.000000
61 4
1 11 0 0 0 0 0.012197 0.032347 0.860556 0.861251 0.000511 63.721675 -23.475273 657.536010 3200.000000
1 -11 0 0 0 0 0.027254 -0.046145 0.978582 0.980048 0.000511 63.721675 -23.475273 657.536010 3200.000000
2 14 0 0 0 0 0.019744 0.017432 0.414135 0.414971 0.000511 63.721675 -23.475273 657.536010 3200.000000
1 1000180400 0 0 0 0 -0.059196 -0.003634 0.003007 195.208009 195.208000 63.624527 -23.481237 653.838074 3200.000000
62 4
1 11 0 0 0 0 0.010096 0.001854 0.026486 0.028410 0.000511 90.351678 18.007444 718.616309 3200.000000
1 -11 0 0 0 0 0.018804 -0.018183 0.067897 0.072763 0.000511 90.351678 18.007444 718.616309 3200.000000
2 14 0 0 0 0 -0.057975 0.005381 0.396712 0.400962 0.000511 90.351678 18.007444 718.616309 3200.000000
1 1000180400 0 0 0 0 0.029075 0.010948 0.011043 195.208003 195.208000 90.898665 18.213414 709.377377 3200.000000
63 4
1 11 0 0 0 0 -0.011291 0.015511 0.040751 0.045044 0.000511 177.197450 20.618897 653.676433 3200.000000
1 -11 0 0 0 0 0.022088 -0.017372 0.086262 0.090725 0.000511 177.197450 20.618897 653.676433 3200.000000
2 14 0 0 0 0 -0.025773 -0.035274 0.383763 0.386241 0.000511 177.197450 20.618897 653.676433 3200.000000
1 1000180400 0 0 0 0 0.014975 0.037135 0.011239 195.208004 195.208000 178.770151 24.518886 600.034318 3200.000000
64 4
1 11 0 0 0 0 -0.010958 0.061067 0.448259 0.452533 0.000511 131.273505 -44.340924 575.804931 3200.000000
1 -11 0 0 0 0 -0.000474 -0.003212 0.134742 0.134782 0.000511 131.273505 -44.340924 575.804931 3200.000000
2 14 0 0 0 0 0.014797 -0.026474 0.139674 0.142929 0.000511 131.273505 -44.340924 575.804931 3200.000000
1 1000180400 0 0 0 0 -0.003364 -0.031381 0.007571 195.208003 195.208000 130.680410 -49.873006 448.406414 3200.000000
65 4
1 11 0 0 0 0 0.038982 -0.024189 0.137802 0.145239 0.000511 122.427433 -58.537139 365.243073 3200.000000
1 -11 0 0 0 0 0.001939 0.001473 0.007559 0.007958 0.000511 122.427433 -58.537139 365.243073 3200.000000
2 14 0 0 0 0 -0.033071 -0.059557 0.545744 0.549979 0.000511 122.427433 -58.537139 365.243073 3200.000000
1 1000180400 0 0 0 0 -0.007850 0.082273 0.012089 195.208018 195.208000 122.325019 -57.463721 356.226165 3200.000000
66 4
1 11 0 0 0 0 0.032543 0.007671 0.392554 0.393976 0.000511 71.325951 -35.979710 280.010530 3200.000000
1 -11 0 0 0 0 0.044685 0.000425 0.267488 0.271195 0.000511 71.325951 -35.979710 280.010530 3200.000000
2 14 0 0 0 0 -0.012373 -0.024600 0.080417 0.085001 0.000511 71.325951 -35.979710 280.010530 3200.000000
1 1000180400 0 0 0 0 -0.064855 0.016504 0.009725 195.208012 195.208000 66.581144 -34.772306 225.838607 3200.000000
67 4
1 11 0 0 0 0 -0.000776 -0.008476 -0.003410 0.009183 0.000511 126.471287 -40.367233 633.454459 3200.000000
1 -11 0 0 0 0 -0.001203 0.018060 0.029110 0.034282 0.000511 126.471287 -40.367233 633.454459 3200.000000
2 14 0 0 0 0 0.001158 0.000619 0.249758 0.249761 0.000511 126.471287 -40.367233 633.454459 3200.000000
1 1000180400 0 0 0 0 0.000821 -0.010203 0.017770 195.208001 195.208000 126.493490 -40.643011 626.008757 3200.000000
68 4
1 11 0 0 0 0 -0.001707 0.020014 0.013691 0.024314 0.000511 154.498834 28.558692 575.096940 3200.000000
1 -11 0 0 0 0 -0.002403 -0.000856 0.000161 0.002607 0.000511 154.498834 28.558692 575.096940 3200.000000
2 14 0 0 0 0 0.004128 0.037957 0.427737 0.429438 0.000511 154.498834 28.558692 575.096940 3200.000000
1 1000180400 0 0 0 0 -0.000017 -0.057115 0.014778 195.208009 195.208000 154.495909 18.995395 501.157817 3200.000000
69 4
1 11 0 0 0 0 0.017109 -0.044800 0.153252 0.160581 0.000511 100.132890 8.464688 446.774585 3200.000000
1 -11 0 0 0 0 -0.002216 -0.003556 0.042939 0.043146 0.000511 100.132890 8.464688 446.774585 3200.000000
2 14 0 0 0 0 -0.047258 0.022915 0.238422 0.244138 0.000511 100.132890 8.464688 446.774585 3200.000000
1 1000180400 0 0 0 0 0.032364 0.025441 0.013257 195.208005 195.208000 100.265377 8.568836 444.995419 3200.000000
70 4
1 11 0 0 0 0 -0.011238 0.000155 0.549118 0.549233 0.000511 132.304499 -33.260738 459.392058 3200.000000
1 -11 0 0 0 0 -0.022931 0.009511 0.045518 0.051850 0.000511 132.304499 -33.260738 459.392058 3200.000000
2 14 0 0 0 0 -0.008655 -0.006526 0.292822 0.293023 0.000511 132.304499 -33.260738 459.392058 3200.000000
1 1000180400 0 0 0 0 0.042825 -0.003140 0.006653 195.208005 195.208000 132.954407 -33.308392 445.923983 3200.000000
71 4
1 11 0 0 0 0 -0.030621 -0.099642 3.429486 3.431070 0.000511 125.883736 -70.056260 725.620588 3200.000000
1 -11 0 0 0 0 0.013055 -0.004866 0.645583 0.645734 0.000511 125.883736 -70.056260 725.620588 3200.000000
2 14 0 0 0 0 0.001991 0.007453 1.529404 1.529423 0.000511 125.883736 -70.056260 725.620588 3200.000000
1 1000180400 0 0 0 0 0.015574 0.097056 0.001779 195.208025 195.208000 127.005958 -63.062785 321.783554 3200.000000
72 4
1 11 0 0 0 0 0.006421 0.023013 0.266710 0.267779 0.000511 135.158411 -26.430246 537.743780 3200.000000
1 -11 0 0 0 0 -0.011685 0.013463 0.091329 0.093054 0.000511 135.158411 -26.430246 537.743780 3200.000000
2 14 0 0 0 0 -0.009184 -0.048942 0.180408 0.187154 0.000511 135.158411 -26.430246 537.743780 3200.000000
1 1000180400 0 0 0 0 0.014448 0.012466 0.009541 195.208001 195.208000 135.219166 -26.377823 535.479510 3200.000000
73 4
1 11 0 0 0 0 0.002058 -0.002189 0.026865 0.027037 0.000511 133.705325 42.184211 395.994897 3200.000000
1 -11 0 0 0 0 -0.004345 0.077995 0.087718 0.117460 0.000511 133.705325 42.184211 395.994897 3200.000000
2 14 0 0 0 0 0.004286 -0.005402 0.118760 0.118960 0.000511 133.705325 42.184211 395.994897 3200.000000
1 1000180400 0 0 0 0 -0.001998 -0.070403 0.030129 195.208015 195.208000 133.407903 31.704623 361.261461 3200.000000
74 4
1 11 0 0 0 0 -0.008066 -0.005132 0.319844 0.319988 0.000511 115.724682 33.296465 481.661353 3200.000000
1 -11 0 0 0 0 0.008974 0.033175 0.082266 0.089158 0.000511 115.724682 33.296465 481.661353 3200.000000
2 14 0 0 0 0 -0.034078 0.020833 0.169125 0.173778 0.000511 115.724682 33.296465 481.661353 3200.000000
1 1000180400 0 0 0 0 0.033170 -0.048876 0.011697 195.208009 195.208000 116.859291 31.624583 462.121494 3200.000000
75 4
1 11 0 0 0 0 0.015491 0.064174 0.387362 0.392947 0.000511 56.708427 -37.790320 532.519270 3200.000000
1 -11 0 0 0 0 0.014176 -0.001314 0.082340 0.083564 0.000511 56.708427 -37.790320 532.519270 3200.000000
2 14 0 0 0 0 0.014564 0.021043 0.020772 0.032960 0.000511 56.708427 -37.790320 532.519270 3200.000000
1 1000180400 0 0 0 0 -0.044231 -0.083902 0.019086 52.556089 52.556000 55.302603 -40.457051 516.930170 3200.000000
76 4
1 11 0 0 0 0 0.028531 0.022180 0.618119 0.619175 0.000511 168.657144 27.980997 376.943936 3200.000000
1 -11 0 0 0 0 0.034068 0.024133 0.220165 0.224089 0.000511 168.657144 27.980997 376.943936 3200.000000
2 14 0 0 0 0 0.020510 -0.030666 0.216677 0.219795 0.000511 168.657144 27.980997 376.943936 3200.000000
1 1000180400 0 0 0 0 -0.083109 -0.015647 0.008167 52.556069 52.556000 167.703289 27.801407 364.835909 3200.000000
77 4
1 11 0 0 0 0 0.032856 0.016706 0.090589 0.097802 0.000511 105.395724 -26.966814 676.076238 3200.000000
1 -11 0 0 0 0 -0.012912 0.011209 0.037221 0.040963 0.000511 105.395724 -26.966814 676.076238 3200.000000
2 14 0 0 0 0 -0.016583 0.092671 0.462670 0.472150 0.000511 105.395724 -26.966814 676.076238 3200.000000
1 1000180400 0 0 0 0 -0.003361 -0.120585 0.020475 195.208038 195.208000 105.372741 -27.791514 672.037872 3200.000000
78 4
1 11 0 0 0 0 0.007177 -0.010532 0.017321 0.021511 0.000511 91.377865 -38.562414 700.132648 3200.000000
1 -11 0 0 0 0 0.025675 -0.027933 0.135619 0.140827 0.000511 91.377865 -38.562414 700.132648 3200.000000
2 14 0 0 0 0 -0.059440 -0.068165 0.412539 0.422336 0.000511 91.377865 -38.562414 700.132648 3200.000000
1 1000180400 0 0 0 0 0.026589 0.106629 0.019313 52.556118 52.556000 91.454979 -38.253163 698.492622 3200.000000
79 4
1 11 0 0 0 0 0.028924 -0.018564 0.485222 0.486438 0.000511 158.405519 -54.130316 404.025317 3200.000000
1 -11 0 0 0 0 -0.004663 -0.034733 0.332002 0.333847 0.000511 158.405519 -54.130316 404.025317 3200.000000
2 14 0 0 0 0 -0.007914 0.030795 0.263176 0.265090 0.000511 158.405519 -54.130316 404.025317 3200.000000
1 1000180400 0 0 0 0 -0.016346 0.022502 0.004976 195.208002 195.208000 156.902851 -52.061744 304.705876 3200.000000
80 4
1 11 0 0 0 0 -0.021982 -0.014706 0.059845 0.065430 0.000511 120.002475 7.445051 242.718307 3200.000000
1 -11 0 0 0 0 0.016461 0.036547 0.077252 0.087033 0.000511 120.002475 7.445051 242.718307 3200.000000
2 14 0 0 0 0 0.025109 0.006734 0.179038 0.180915 0.000511 120.002475 7.445051 242.718307 3200.000000
1 1000180400 0 0 0 0 -0.019588 -0.028576 0.017248 195.208004 195.208000 119.904656 7.302348 241.139588 3200.000000
81 4
1 11 0 0 0 0 -0.006006 0.005276 0.036504 0.037373 0.000511 117.083454 15.246792 527.408847 3200.000000
1 -11 0 0 0 0 0.018877 0.025113 0.328044 0.329545 0.000511 117.083454 15.246792 527.408847 3200.000000
2 14 0 0 0 0 0.018157 -0.032065 1.595385 1.595811 0.000511 117.083454 15.246792 527.408847 3200.000000
1 1000180400 0 0 0 0 -0.031027 0.001676 0.002798 195.208002 195.208000 114.743371 15.373189 379.590868 3200.000000
82 4
1 11 0 0 0 0 -0.016027 0.013120 0.035331 0.040958 0.000511 111.895688 -12.240181 430.631870 3200.000000
1 -11 0 0 0 0 0.048156 0.042161 0.288722 0.295732 0.000511 111.895688 -12.240181 430.631870 3200.000000
2 14 0 0 0 0 0.038868 -0.008537 0.130654 0.136580 0.000511 111.895688 -12.240181 430.631870 3200.000000
1 1000180400 0 0 0 0 -0.070997 -0.046745 0.018582 195.208019 195.208000 110.166575 -13.378644 419.557553 3200.000000
83 4
1 11 0 0 0 0 0.003879 0.011544 0.053417 0.054790 0.000511 140.347709 15.263430 373.388406 3200.000000
1 -11 0 0 0 0 0.020969 0.008938 0.241505 0.242579 0.000511 140.347709 15.263430 373.388406 3200.000000
2 14 0 0 0 0 -0.052799 -0.022976 0.189165 0.197735 0.000511 140.347709 15.263430 373.388406 3200.000000
1 1000180400 0 0 0 0 0.027951 0.002494 0.011019 195.208002 195.208000 141.737004 15.387389 349.327219 3200.000000
84 4
1 11 0 0 0 0 -0.002748 0.018072 0.140855 0.142037 0.000511 155.592030 18.658692 315.636104 3200.000000
1 -11 0 0 0 0 0.007588 -0.046525 0.178801 0.184912 0.000511 155.592030 18.658692 315.636104 3200.000000
2 14 0 0 0 0 -0.035893 0.002911 0.281351 0.283646 0.000511 155.592030 18.658692 315.636104 3200.000000
1 1000180400 0 0 0 0 0.031052 0.025542 0.009592 195.208004 195.208000 157.565328 20.281855 277.443333 3200.000000
85 4
1 11 0 0 0 0 0.032635 -0.004941 0.354898 0.356430 0.000511 97.042378 -0.534932 697.671841 3200.000000
1 -11 0 0 0 0 -0.008345 -0.018022 0.223822 0.224702 0.000511 97.042378 -0.534932 697.671841 3200.000000
2 14 0 0 0 0 0.003005 0.053883 0.808470 0.810269 0.000511 97.042378 -0.534932 697.671841 3200.000000
1 1000180400 0 0 0 0 -0.027294 -0.030920 0.004216 195.208004 195.208000 96.972808 -0.613745 694.136035 3200.000000
86 4
1 11 0 0 0 0 0.003462 -0.041041 0.205607 0.209692 0.000511 177.930729 -60.557384 422.816175 3200.000000
1 -11 0 0 0 0 0.016651 0.007314 0.025272 0.031140 0.000511 177.930729 -60.557384 422.816175 3200.000000
2 14 0 0 0 0 0.034525 0.008420 0.340444 0.342294 0.000511 177.930729 -60.557384 422.816175 3200.000000
1 1000180400 0 0 0 0 -0.054638 0.025306 0.011812 195.208010 195.208000 177.889854 -60.538452 422.388763 3200.000000
87 4
1 11 0 0 0 0 -0.039072 -0.018441 0.456482 0.458522 0.000511 139.596215 1.344867 676.286892 3200.000000
1 -11 0 0 0 0 -0.010671 -0.031254 0.151330 0.154893 0.000511 139.596215 1.344867 676.286892 3200.000000
2 14 0 0 0 0 0.007189 0.004370 0.003463 0.009098 0.000511 139.596215 1.344867 676.286892 3200.000000
1 1000180400 0 0 0 0 0.042554 0.045325 0.011248 195.208010 195.208000 141.178882 3.030589 653.552462 3200.000000
88 4
1 11 0 0 0 0 -0.012331 -0.053390 0.232568 0.238937 0.000511 168.815990 -6.062435 355.681465 3200.000000
1 -11 0 0 0 0 0.003559 -0.014383 0.087514 0.088761 0.000511 168.815990 -6.062435 355.681465 3200.000000
2 14 0 0 0 0 0.037692 0.010917 0.420018 0.421847 0.000511 168.815990 -6.062435 355.681465 3200.000000
1 1000180400 0 0 0 0 -0.028920 0.056856 0.009455 195.208011 195.208000 168.167849 -4.788214 339.094896 3200.000000
89 4
1 11 0 0 0 0 0.010036 0.000129 0.013815 0.017084 0.000511 56.283170 28.072088 543.478125 3200.000000
1 -11 0 0 0 0 0.064250 -0.014054 0.238381 0.247288 0.000511 56.283170 28.072088 543.478125 3200.000000
2 14 0 0 0 0 -0.006686 0.043296 0.103344 0.112246 0.000511 56.283170 28.072088 543.478125 3200.000000
1 1000180400 0 0 0 0 -0.067600 -0.029370 0.021093 195.208015 195.208000 55.507782 27.735209 539.399995 3200.000000
90 4
1 11 0 0 0 0 0.054042 0.025655 0.241705 0.248999 0.000511 71.366825 26.772558 337.923467 3200.000000
1 -11 0 0 0 0 -0.012242 -0.025853 0.236171 0.237897 0.000511 71.366825 26.772558 337.923467 3200.000000
2 14 0 0 0 0 0.025182 -0.006949 0.094684 0.098222 0.000511 71.366825 26.772558 337.923467 3200.000000
1 1000180400 0 0 0 0 -0.066982 0.007147 0.012570 195.208012 195.208000 68.386531 27.090575 312.447878 3200.000000
91 4
1 11 0 0 0 0 -0.017270 -0.000197 0.567008 0.567272 0.000511 73.645600 -43.556940 852.257505 3200.000000
1 -11 0 0 0 0 0.024712 0.079378 1.009545 1.012963 0.000511 73.645600 -43.556940 852.257505 3200.000000
2 14 0 0 0 0 -0.027838 0.019417 0.557625 0.558657 0.000511 73.645600 -43.556940 852.257505 3200.000000
1 1000180400 0 0 0 0 0.020396 -0.098598 0.004739 195.208026 195.208000 75.371795 -51.901871 671.630169 3200.000000
92 4
1 11 0 0 0 0 -0.018478 -0.053863 2.006750 2.007558 0.000511 167.457087 -48.974737 380.993378 3200.000000
1 -11 0 0 0 0 0.016055 -0.035611 1.709999 1.710445 0.000511 167.457087 -48.974737 380.993378 3200.000000
2 14 0 0 0 0 0.025012 0.009928 2.224988 2.225151 0.000511 167.457087 -48.974737 380.993378 3200.000000
1 1000180400 0 0 0 0 -0.022589 0.079545 0.001434 195.208018 195.208000 167.301736 -48.427676 340.130055 3200.000000
93 4
1 11 0 0 0 0 -0.038237 0.025997 0.237409 0.241870 0.000511 139.460847 41.664963 535.692649 3200.000000
1 -11 0 0 0 0 0.012626 -0.027774 0.300191 0.301737 0.000511 139.460847 41.664963 535.692649 3200.000000
2 14 0 0 0 0 0.008582 -0.001651 0.009835 0.013157 0.000511 139.460847 41.664963 535.692649 3200.000000
1 1000180400 0 0 0 0 0.017029 0.003428 0.009331 195.208001 195.208000 139.513411 41.675543 534.002914 3200.000000
94 4
1 11 0 0 0 0 -0.009907 0.015756 0.023363 0.029874 0.000511 72.947555 28.059194 292.781313 3200.000000
1 -11 0 0 0 0 0.015821 -0.018411 0.027094 0.036382 0.000511 72.947555 28.059194 292.781313 3200.000000
2 14 0 0 0 0 0.001967 -0.021810 0.259991 0.260912 0.000511 72.947555 28.059194 292.781313 3200.000000
1 1000180400 0 0 0 0 -0.007880 0.024466 0.016722 195.208002 195.208000 72.896222 28.218559 290.759095 3200.000000
95 4
1 11 0 0 0 0 0.005632 -0.002856 0.009100 0.011088 0.000511 108.243735 -37.206978 612.871554 3200.000000
1 -11 0 0 0 0 0.005473 -0.007720 0.132932 0.133269 0.000511 108.243735 -37.206978 612.871554 3200.000000
2 14 0 0 0 0 0.032849 0.072265 1.775525 1.777299 0.000511 108.243735 -37.206978 612.871554 3200.000000
1 1000180400 0 0 0 0 -0.043954 -0.061688 0.004154 52.556055 52.556000 100.627938 -47.895498 280.621209 3200.000000
96 4
1 11 0 0 0 0 0.029015 0.013475 0.123907 0.127971 0.000511 55.923988 -40.886468 609.842534 3200.000000
1 -11 0 0 0 0 0.033740 -0.012811 0.440313 0.441790 0.000511 55.923988 -40.886468 609.842534 3200.000000
2 14 0 0 0 0 -0.023911 -0.016580 0.226933 0.228791 0.000511 55.923988 -40.886468 609.842534 3200.000000
1 1000180400 0 0 0 0 -0.038844 0.015916 0.007404 195.208005 195.208000 55.314492 -40.636726 597.428750 3200.000000
97 4
1 11 0 0 0 0 0.023921 0.006012 0.019424 0.031400 0.000511 112.723739 -27.338706 440.319145 3200.000000
1 -11 0 0 0 0 -0.029396 0.015639 0.095040 0.100705 0.000511 112.723739 -27.338706 440.319145 3200.000000
2 14 0 0 0 0 0.014295 0.000618 0.166000 0.166616 0.000511 112.723739 -27.338706 440.319145 3200.000000
1 1000180400 0 0 0 0 -0.008820 -0.022269 0.018259 195.208002 195.208000 112.558780 -27.755219 435.073424 3200.000000
98 4
1 11 0 0 0 0 -0.026388 -0.013267 0.076713 0.082204 0.000511 146.612283 -4.152638 609.954920 3200.000000
1 -11 0 0 0 0 0.021267 0.007079 0.082599 0.085587 0.000511 146.612283 -4.152638 609.954920 3200.000000
2 14 0 0 0 0 0.035070 -0.025806 0.378117 0.380616 0.000511 146.612283 -4.152638 609.954920 3200.000000
1 1000180400 0 0 0 0 -0.029950 0.031994 0.010998 52.556019 52.556000 146.345590 -3.867742 605.169255 3200.000000
99 4
1 11 0 0 0 0 0.036433 -0.005465 0.116798 0.122471 0.000511 108.514720 21.894972 736.869833 3200.000000
1 -11 0 0 0 0 -0.004940 -0.037314 0.389782 0.391595 0.000511 108.514720 21.894972 736.869833 3200.000000
2 14 0 0 0 0 -0.001061 0.017410 0.185994 0.186810 0.000511 108.514720 21.894972 736.869833 3200.000000
1 1000180400 0 0 0 0 -0.030432 0.025370 0.008307 195.208004 195.208000 106.179858 23.841416 683.733021 3200.000000
